-3.923462e-02 -3.923462e-02 2.950302e+00
-3.923462e-02 -3.652879e-02 3.023856e+00
-3.923462e-02 -3.382295e-02 3.097921e+00
-3.923462e-02 -3.111711e-02 3.171777e+00
-3.923462e-02 -2.841128e-02 3.244514e+00
-3.923462e-02 -2.570544e-02 3.315021e+00
-3.923462e-02 -2.299961e-02 3.381972e+00
-3.923462e-02 -2.029377e-02 3.443842e+00
-3.923462e-02 -1.758793e-02 3.498931e+00
-3.923462e-02 -1.488210e-02 3.545422e+00
-3.923462e-02 -1.217626e-02 3.581475e+00
-3.923462e-02 -9.470426e-03 3.605349e+00
-3.923462e-02 -6.764590e-03 3.615536e+00
-3.923462e-02 -4.058754e-03 3.610924e+00
-3.923462e-02 -1.352918e-03 3.590915e+00
-3.923462e-02 1.352918e-03 3.555512e+00
-3.923462e-02 4.058754e-03 3.505330e+00
-3.923462e-02 6.764590e-03 3.441569e+00
-3.923462e-02 9.470426e-03 3.365884e+00
-3.923462e-02 1.217626e-02 3.280248e+00
-3.923462e-02 1.488210e-02 3.186778e+00
-3.923462e-02 1.758793e-02 3.087588e+00
-3.923462e-02 2.029377e-02 2.984666e+00
-3.923462e-02 2.299961e-02 2.879798e+00
-3.923462e-02 2.570544e-02 2.774503e+00
-3.923462e-02 2.841128e-02 2.670032e+00
-3.923462e-02 3.111711e-02 2.567374e+00
-3.923462e-02 3.382295e-02 2.467278e+00
-3.923462e-02 3.652879e-02 2.370287e+00
-3.923462e-02 3.923462e-02 2.276769e+00
-3.652879e-02 -3.923462e-02 3.108616e+00
-3.652879e-02 -3.652879e-02 3.194811e+00
-3.652879e-02 -3.382295e-02 3.282567e+00
-3.652879e-02 -3.111711e-02 3.371136e+00
-3.652879e-02 -2.841128e-02 3.459532e+00
-3.652879e-02 -2.570544e-02 3.546489e+00
-3.652879e-02 -2.299961e-02 3.630436e+00
-3.652879e-02 -2.029377e-02 3.709486e+00
-3.652879e-02 -1.758793e-02 3.781458e+00
-3.652879e-02 -1.488210e-02 3.843931e+00
-3.652879e-02 -1.217626e-02 3.894365e+00
-3.652879e-02 -9.470426e-03 3.930249e+00
-3.652879e-02 -6.764590e-03 3.949399e+00
-3.652879e-02 -4.058754e-03 3.950036e+00
-3.652879e-02 -1.352918e-03 3.931160e+00
-3.652879e-02 1.352918e-03 3.892628e+00
-3.652879e-02 4.058754e-03 3.835212e+00
-3.652879e-02 6.764590e-03 3.760541e+00
-3.652879e-02 9.470426e-03 3.670912e+00
-3.652879e-02 1.217626e-02 3.569062e+00
-3.652879e-02 1.488210e-02 3.457899e+00
-3.652879e-02 1.758793e-02 3.340279e+00
-3.652879e-02 2.029377e-02 3.218823e+00
-3.652879e-02 2.299961e-02 3.095809e+00
-3.652879e-02 2.570544e-02 2.973124e+00
-3.652879e-02 2.841128e-02 2.852259e+00
-3.652879e-02 3.111711e-02 2.734339e+00
-3.652879e-02 3.382295e-02 2.620171e+00
-3.652879e-02 3.652879e-02 2.510297e+00
-3.652879e-02 3.923462e-02 2.405047e+00
-3.382295e-02 -3.923462e-02 3.276270e+00
-3.382295e-02 -3.652879e-02 3.377037e+00
-3.382295e-02 -3.382295e-02 3.480797e+00
-3.382295e-02 -3.111711e-02 3.586831e+00
-3.382295e-02 -2.841128e-02 3.694121e+00
-3.382295e-02 -2.570544e-02 3.801280e+00
-3.382295e-02 -2.299961e-02 3.906491e+00
-3.382295e-02 -2.029377e-02 4.007464e+00
-3.382295e-02 -1.758793e-02 4.101421e+00
-3.382295e-02 -1.488210e-02 4.185150e+00
-3.382295e-02 -1.217626e-02 4.255130e+00
-3.382295e-02 -9.470426e-03 4.307759e+00
-3.382295e-02 -6.764590e-03 4.339706e+00
-3.382295e-02 -4.058754e-03 4.348230e+00
-3.382295e-02 -1.352918e-03 4.331625e+00
-3.382295e-02 1.352918e-03 4.289475e+00
-3.382295e-02 4.058754e-03 4.222757e+00
-3.382295e-02 6.764590e-03 4.133753e+00
-3.382295e-02 9.470426e-03 4.025748e+00
-3.382295e-02 1.217626e-02 3.902637e+00
-3.382295e-02 1.488210e-02 3.768502e+00
-3.382295e-02 1.758793e-02 3.627253e+00
-3.382295e-02 2.029377e-02 3.482370e+00
-3.382295e-02 2.299961e-02 3.336773e+00
-3.382295e-02 2.570544e-02 3.192776e+00
-3.382295e-02 2.841128e-02 3.052120e+00
-3.382295e-02 3.111711e-02 2.916046e+00
-3.382295e-02 3.382295e-02 2.785369e+00
-3.382295e-02 3.652879e-02 2.660577e+00
-3.382295e-02 3.923462e-02 2.541902e+00
-3.111711e-02 -3.923462e-02 3.453083e+00
-3.111711e-02 -3.652879e-02 3.570545e+00
-3.111711e-02 -3.382295e-02 3.692910e+00
-3.111711e-02 -3.111711e-02 3.819582e+00
-3.111711e-02 -2.841128e-02 3.949600e+00
-3.111711e-02 -2.570544e-02 4.081536e+00
-3.111711e-02 -2.299961e-02 4.213370e+00
-3.111711e-02 -2.029377e-02 4.342400e+00
-3.111711e-02 -1.758793e-02 4.465153e+00
-3.111711e-02 -1.488210e-02 4.577394e+00
-3.111711e-02 -1.217626e-02 4.674246e+00
-3.111711e-02 -9.470426e-03 4.687869e+00
-3.111711e-02 -6.764590e-03 4.481629e+00
-3.111711e-02 -4.058754e-03 4.323396e+00
-3.111711e-02 -1.352918e-03 4.218442e+00
-3.111711e-02 1.352918e-03 4.170741e+00
-3.111711e-02 4.058754e-03 4.182257e+00
-3.111711e-02 6.764590e-03 4.252565e+00
-3.111711e-02 9.470426e-03 4.378975e+00
-3.111711e-02 1.217626e-02 4.290867e+00
-3.111711e-02 1.488210e-02 4.126405e+00
-3.111711e-02 1.758793e-02 3.954462e+00
-3.111711e-02 2.029377e-02 3.779690e+00
-3.111711e-02 2.299961e-02 3.605798e+00
-3.111711e-02 2.570544e-02 3.435586e+00
-3.111711e-02 2.841128e-02 3.271010e+00
-3.111711e-02 3.111711e-02 3.113350e+00
-3.111711e-02 3.382295e-02 2.963349e+00
-3.111711e-02 3.652879e-02 2.821338e+00
-3.111711e-02 3.923462e-02 2.687371e+00
-2.841128e-02 -3.923462e-02 3.638572e+00
-2.841128e-02 -3.652879e-02 3.774998e+00
-2.841128e-02 -3.382295e-02 3.918830e+00
-2.841128e-02 -3.111711e-02 4.069731e+00
-2.841128e-02 -2.841128e-02 4.226949e+00
-2.841128e-02 -2.570544e-02 4.389164e+00
-2.841128e-02 -2.299961e-02 4.554298e+00
-2.841128e-02 -2.029377e-02 4.719303e+00
-2.841128e-02 -1.758793e-02 4.879961e+00
-2.841128e-02 -1.488210e-02 4.800178e+00
-2.841128e-02 -1.217626e-02 4.489880e+00
-2.841128e-02 -9.470426e-03 4.215971e+00
-2.841128e-02 -6.764590e-03 3.985678e+00
-2.841128e-02 -4.058754e-03 3.806701e+00
-2.841128e-02 -1.352918e-03 3.686386e+00
-2.841128e-02 1.352918e-03 3.630470e+00
-2.841128e-02 4.058754e-03 3.641935e+00
-2.841128e-02 6.764590e-03 3.720242e+00
-2.841128e-02 9.470426e-03 3.861475e+00
-2.841128e-02 1.217626e-02 4.059292e+00
-2.841128e-02 1.488210e-02 4.306172e+00
-2.841128e-02 1.758793e-02 4.328833e+00
-2.841128e-02 2.029377e-02 4.115586e+00
-2.841128e-02 2.299961e-02 3.906074e+00
-2.841128e-02 2.570544e-02 3.703547e+00
-2.841128e-02 2.841128e-02 3.510079e+00
-2.841128e-02 3.111711e-02 3.326828e+00
-2.841128e-02 3.382295e-02 3.154300e+00
-2.841128e-02 3.652879e-02 2.992529e+00
-2.841128e-02 3.923462e-02 2.841249e+00
-2.570544e-02 -3.923462e-02 3.831864e+00
-2.570544e-02 -3.652879e-02 3.989602e+00
-2.570544e-02 -3.382295e-02 4.157952e+00
-2.570544e-02 -3.111711e-02 4.337035e+00
-2.570544e-02 -2.841128e-02 4.526543e+00
-2.570544e-02 -2.570544e-02 4.725555e+00
-2.570544e-02 -2.299961e-02 4.932194e+00
-2.570544e-02 -2.029377e-02 5.143306e+00
-2.570544e-02 -1.758793e-02 4.773855e+00
-2.570544e-02 -1.488210e-02 4.406724e+00
-2.570544e-02 -1.217626e-02 4.067702e+00
-2.570544e-02 -9.470426e-03 3.763995e+00
-2.570544e-02 -6.764590e-03 3.504444e+00
-2.570544e-02 -4.058754e-03 3.299252e+00
-2.570544e-02 -1.352918e-03 3.158824e+00
-2.570544e-02 1.352918e-03 3.091913e+00
-2.570544e-02 4.058754e-03 3.103279e+00
-2.570544e-02 6.764590e-03 3.192177e+00
-2.570544e-02 9.470426e-03 3.352635e+00
-2.570544e-02 1.217626e-02 3.575272e+00
-2.570544e-02 1.488210e-02 3.849632e+00
-2.570544e-02 1.758793e-02 4.165874e+00
-2.570544e-02 2.029377e-02 4.495070e+00
-2.570544e-02 2.299961e-02 4.240587e+00
-2.570544e-02 2.570544e-02 3.998266e+00
-2.570544e-02 2.841128e-02 3.770015e+00
-2.570544e-02 3.111711e-02 3.556593e+00
-2.570544e-02 3.382295e-02 3.357989e+00
-2.570544e-02 3.652879e-02 3.173720e+00
-2.570544e-02 3.923462e-02 3.003021e+00
-2.299961e-02 -3.923462e-02 4.031613e+00
-2.299961e-02 -3.652879e-02 4.212974e+00
-2.299961e-02 -3.382295e-02 4.408958e+00
-2.299961e-02 -3.111711e-02 4.620408e+00
-2.299961e-02 -2.841128e-02 4.847828e+00
-2.299961e-02 -2.570544e-02 5.091107e+00
-2.299961e-02 -2.299961e-02 5.287334e+00
-2.299961e-02 -2.029377e-02 4.857950e+00
-2.299961e-02 -1.758793e-02 4.443541e+00
-2.299961e-02 -1.488210e-02 4.048195e+00
-2.299961e-02 -1.217626e-02 3.677554e+00
-2.299961e-02 -9.470426e-03 3.339395e+00
-2.299961e-02 -6.764590e-03 3.044261e+00
-2.299961e-02 -4.058754e-03 2.805323e+00
-2.299961e-02 -1.352918e-03 2.637720e+00
-2.299961e-02 1.352918e-03 2.555388e+00
-2.299961e-02 4.058754e-03 2.566552e+00
-2.299961e-02 6.764590e-03 2.670163e+00
-2.299961e-02 9.470426e-03 2.856382e+00
-2.299961e-02 1.217626e-02 3.110714e+00
-2.299961e-02 1.488210e-02 3.418347e+00
-2.299961e-02 1.758793e-02 3.766649e+00
-2.299961e-02 2.029377e-02 4.145839e+00
-2.299961e-02 2.299961e-02 4.548678e+00
-2.299961e-02 2.570544e-02 4.320547e+00
-2.299961e-02 2.841128e-02 4.050730e+00
-2.299961e-02 3.111711e-02 3.802057e+00
-2.299961e-02 3.382295e-02 3.573595e+00
-2.299961e-02 3.652879e-02 3.364002e+00
-2.299961e-02 3.923462e-02 3.171768e+00
-2.029377e-02 -3.923462e-02 4.235923e+00
-2.029377e-02 -3.652879e-02 4.443026e+00
-2.029377e-02 -3.382295e-02 4.669617e+00
-2.029377e-02 -3.111711e-02 4.917616e+00
-2.029377e-02 -2.841128e-02 5.188810e+00
-2.029377e-02 -2.570544e-02 5.484591e+00
-2.029377e-02 -2.299961e-02 5.045937e+00
-2.029377e-02 -2.029377e-02 4.596223e+00
-2.029377e-02 -1.758793e-02 4.157798e+00
-2.029377e-02 -1.488210e-02 3.734066e+00
-2.029377e-02 -1.217626e-02 3.330078e+00
-2.029377e-02 -9.470426e-03 2.953427e+00
-2.029377e-02 -6.764590e-03 2.615444e+00
-2.029377e-02 -4.058754e-03 2.332632e+00
-2.029377e-02 -1.352918e-03 2.126798e+00
-2.029377e-02 1.352918e-03 2.021440e+00
-2.029377e-02 4.058754e-03 2.032237e+00
-2.029377e-02 6.764590e-03 2.157595e+00
-2.029377e-02 9.470426e-03 2.379734e+00
-2.029377e-02 1.217626e-02 2.675000e+00
-2.029377e-02 1.488210e-02 3.022443e+00
-2.029377e-02 1.758793e-02 3.406616e+00
-2.029377e-02 2.029377e-02 3.816942e+00
-2.029377e-02 2.299961e-02 4.246377e+00
-2.029377e-02 2.570544e-02 4.669842e+00
-2.029377e-02 2.841128e-02 4.350954e+00
-2.029377e-02 3.111711e-02 4.061670e+00
-2.029377e-02 3.382295e-02 3.799518e+00
-2.029377e-02 3.652879e-02 3.561855e+00
-2.029377e-02 3.923462e-02 3.346108e+00
-1.758793e-02 -3.923462e-02 4.442295e+00
-1.758793e-02 -3.652879e-02 4.676853e+00
-1.758793e-02 -3.382295e-02 4.936603e+00
-1.758793e-02 -3.111711e-02 5.224969e+00
-1.758793e-02 -2.841128e-02 5.545630e+00
-1.758793e-02 -2.570544e-02 5.325953e+00
-1.758793e-02 -2.299961e-02 4.852790e+00
-1.758793e-02 -2.029377e-02 4.385588e+00
-1.758793e-02 -1.758793e-02 3.925813e+00
-1.758793e-02 -1.488210e-02 3.475793e+00
-1.758793e-02 -1.217626e-02 3.039217e+00
-1.758793e-02 -9.470426e-03 2.622199e+00
-1.758793e-02 -6.764590e-03 2.235129e+00
-1.758793e-02 -4.058754e-03 1.895937e+00
-1.758793e-02 -1.352918e-03 1.634294e+00
-1.758793e-02 1.352918e-03 1.491361e+00
-1.758793e-02 4.058754e-03 1.501423e+00
-1.758793e-02 6.764590e-03 1.661883e+00
-1.758793e-02 9.470426e-03 1.936024e+00
-1.758793e-02 1.217626e-02 2.283674e+00
-1.758793e-02 1.488210e-02 2.676834e+00
-1.758793e-02 1.758793e-02 3.098737e+00
-1.758793e-02 2.029377e-02 3.539693e+00
-1.758793e-02 2.299961e-02 3.993973e+00
-1.758793e-02 2.570544e-02 4.458101e+00
-1.758793e-02 2.841128e-02 4.667751e+00
-1.758793e-02 3.111711e-02 4.332605e+00
-1.758793e-02 3.382295e-02 4.033202e+00
-1.758793e-02 3.652879e-02 3.765041e+00
-1.758793e-02 3.923462e-02 3.524113e+00
-1.488210e-02 -3.923462e-02 4.647634e+00
-1.488210e-02 -3.652879e-02 4.910689e+00
-1.488210e-02 -3.382295e-02 5.205380e+00
-1.488210e-02 -3.111711e-02 5.537035e+00
-1.488210e-02 -2.841128e-02 5.683724e+00
-1.488210e-02 -2.570544e-02 5.197002e+00
-1.488210e-02 -2.299961e-02 4.713355e+00
-1.488210e-02 -2.029377e-02 4.233141e+00
-1.488210e-02 -1.758793e-02 3.756955e+00
-1.488210e-02 -1.488210e-02 3.285849e+00
-1.488210e-02 -1.217626e-02 2.821702e+00
-1.488210e-02 -9.470426e-03 2.367865e+00
-1.488210e-02 -6.764590e-03 1.930956e+00
-1.488210e-02 -4.058754e-03 1.524913e+00
-1.488210e-02 -1.352918e-03 1.181432e+00
-1.488210e-02 1.352918e-03 9.690795e-01
-1.488210e-02 4.058754e-03 9.774097e-01
-1.488210e-02 6.764590e-03 1.202080e+00
-1.488210e-02 9.470426e-03 1.552235e+00
-1.488210e-02 1.217626e-02 1.962295e+00
-1.488210e-02 1.488210e-02 2.402312e+00
-1.488210e-02 1.758793e-02 2.859091e+00
-1.488210e-02 2.029377e-02 3.326324e+00
-1.488210e-02 2.299961e-02 3.800800e+00
-1.488210e-02 2.570544e-02 4.280742e+00
-1.488210e-02 2.841128e-02 4.765159e+00
-1.488210e-02 3.111711e-02 4.610484e+00
-1.488210e-02 3.382295e-02 4.270988e+00
-1.488210e-02 3.652879e-02 3.970535e+00
-1.488210e-02 3.923462e-02 3.703301e+00
-1.217626e-02 -3.923462e-02 4.848278e+00
-1.217626e-02 -3.652879e-02 5.139959e+00
-1.217626e-02 -3.382295e-02 5.470174e+00
-1.217626e-02 -3.111711e-02 5.846543e+00
-1.217626e-02 -2.841128e-02 5.612033e+00
-1.217626e-02 -2.570544e-02 5.121052e+00
-1.217626e-02 -2.299961e-02 4.631961e+00
-1.217626e-02 -2.029377e-02 4.144714e+00
-1.217626e-02 -1.758793e-02 3.659292e+00
-1.217626e-02 -1.488210e-02 3.175778e+00
-1.217626e-02 -1.217626e-02 2.694437e+00
-1.217626e-02 -9.470426e-03 2.215932e+00
-1.217626e-02 -6.764590e-03 1.741826e+00
-1.217626e-02 -4.058754e-03 1.276163e+00
-1.217626e-02 -1.352918e-03 8.323991e-01
-1.217626e-02 1.352918e-03 4.754967e-01
-1.217626e-02 4.058754e-03 4.776486e-01
-1.217626e-02 6.764590e-03 8.364488e-01
-1.217626e-02 9.470426e-03 1.281362e+00
-1.217626e-02 1.217626e-02 1.748396e+00
-1.217626e-02 1.488210e-02 2.224267e+00
-1.217626e-02 1.758793e-02 2.704941e+00
-1.217626e-02 2.029377e-02 3.188909e+00
-1.217626e-02 2.299961e-02 3.675535e+00
-1.217626e-02 2.570544e-02 4.164571e+00
-1.217626e-02 2.841128e-02 4.655946e+00
-1.217626e-02 3.111711e-02 4.889240e+00
-1.217626e-02 3.382295e-02 4.508071e+00
-1.217626e-02 3.652879e-02 4.174540e+00
-1.217626e-02 3.923462e-02 3.880647e+00
-9.470426e-03 -3.923462e-02 5.040158e+00
-9.470426e-03 -3.652879e-02 5.359418e+00
-9.470426e-03 -3.382295e-02 5.724165e+00
-9.470426e-03 -3.111711e-02 6.082884e+00
-9.470426e-03 -2.841128e-02 5.590503e+00
-9.470426e-03 -2.570544e-02 5.099968e+00
-9.470426e-03 -2.299961e-02 4.611141e+00
-9.470426e-03 -2.029377e-02 4.123817e+00
-9.470426e-03 -1.758793e-02 3.637834e+00
-9.470426e-03 -1.488210e-02 3.153085e+00
-9.470426e-03 -1.217626e-02 2.669384e+00
-9.470426e-03 -9.470426e-03 2.186668e+00
-9.470426e-03 -6.764590e-03 1.704902e+00
-9.470426e-03 -4.058754e-03 1.224340e+00
-9.470426e-03 -1.352918e-03 7.463159e-01
-9.470426e-03 1.352918e-03 2.825785e-01
-9.470426e-03 4.058754e-03 2.598096e-01
-9.470426e-03 6.764590e-03 7.214821e-01
-9.470426e-03 9.470426e-03 1.200120e+00
-9.470426e-03 1.217626e-02 1.681897e+00
-9.470426e-03 1.488210e-02 2.165359e+00
-9.470426e-03 1.758793e-02 2.650256e+00
-9.470426e-03 2.029377e-02 3.136598e+00
-9.470426e-03 2.299961e-02 3.624502e+00
-9.470426e-03 2.570544e-02 4.114134e+00
-9.470426e-03 2.841128e-02 4.605655e+00
-9.470426e-03 3.111711e-02 5.099244e+00
-9.470426e-03 3.382295e-02 4.738616e+00
-9.470426e-03 3.652879e-02 4.372582e+00
-9.470426e-03 3.923462e-02 4.052690e+00
-6.764590e-03 -3.923462e-02 5.219010e+00
-6.764590e-03 -3.652879e-02 5.563481e+00
-6.764590e-03 -3.382295e-02 5.959903e+00
-6.764590e-03 -3.111711e-02 6.106972e+00
-6.764590e-03 -2.841128e-02 5.619224e+00
-6.764590e-03 -2.570544e-02 5.133945e+00
-6.764590e-03 -2.299961e-02 4.651123e+00
-6.764590e-03 -2.029377e-02 4.170820e+00
-6.764590e-03 -1.758793e-02 3.693235e+00
-6.764590e-03 -1.488210e-02 3.218807e+00
-6.764590e-03 -1.217626e-02 2.748376e+00
-6.764590e-03 -9.470426e-03 2.283564e+00
-6.764590e-03 -6.764590e-03 1.827911e+00
-6.764590e-03 -4.058754e-03 1.389628e+00
-6.764590e-03 -1.352918e-03 9.912252e-01
-6.764590e-03 1.352918e-03 7.034287e-01
-6.764590e-03 4.058754e-03 6.839569e-01
-6.764590e-03 6.764590e-03 9.497827e-01
-6.764590e-03 9.470426e-03 1.341275e+00
-6.764590e-03 1.217626e-02 1.777825e+00
-6.764590e-03 1.488210e-02 2.233801e+00
-6.764590e-03 1.758793e-02 2.700044e+00
-6.764590e-03 2.029377e-02 3.172737e+00
-6.764590e-03 2.299961e-02 3.650064e+00
-6.764590e-03 2.570544e-02 4.131172e+00
-6.764590e-03 2.841128e-02 4.615606e+00
-6.764590e-03 3.111711e-02 5.103188e+00
-6.764590e-03 3.382295e-02 4.956052e+00
-6.764590e-03 3.652879e-02 4.559750e+00
-6.764590e-03 3.923462e-02 4.215692e+00
-4.058754e-03 -3.923462e-02 5.380674e+00
-4.058754e-03 -3.652879e-02 5.746629e+00
-4.058754e-03 -3.382295e-02 6.169900e+00
-4.058754e-03 -3.111711e-02 6.176310e+00
-4.058754e-03 -2.841128e-02 5.696962e+00
-4.058754e-03 -2.570544e-02 5.221341e+00
-4.058754e-03 -2.299961e-02 4.749775e+00
-4.058754e-03 -2.029377e-02 4.282813e+00
-4.058754e-03 -1.758793e-02 3.821348e+00
-4.058754e-03 -1.488210e-02 3.366907e+00
-4.058754e-03 -1.217626e-02 2.921931e+00
-4.058754e-03 -9.470426e-03 2.490773e+00
-4.058754e-03 -6.764590e-03 2.081307e+00
-4.058754e-03 -4.058754e-03 1.708516e+00
-4.058754e-03 -1.352918e-03 1.401298e+00
-4.058754e-03 1.352918e-03 1.210405e+00
-4.058754e-03 4.058754e-03 1.192952e+00
-4.058754e-03 6.764590e-03 1.355869e+00
-4.058754e-03 9.470426e-03 1.646869e+00
-4.058754e-03 1.217626e-02 2.011625e+00
-4.058754e-03 1.488210e-02 2.417575e+00
-4.058754e-03 1.758793e-02 2.847803e+00
-4.058754e-03 2.029377e-02 3.293492e+00
-4.058754e-03 2.299961e-02 3.749863e+00
-4.058754e-03 2.570544e-02 4.214158e+00
-4.058754e-03 2.841128e-02 4.684813e+00
-4.058754e-03 3.111711e-02 5.160831e+00
-4.058754e-03 3.382295e-02 5.153612e+00
-4.058754e-03 3.652879e-02 4.731062e+00
-4.058754e-03 3.923462e-02 4.365902e+00
-1.352918e-03 -3.923462e-02 5.521427e+00
-1.352918e-03 -3.652879e-02 5.903916e+00
-1.352918e-03 -3.382295e-02 6.347444e+00
-1.352918e-03 -3.111711e-02 6.288942e+00
-1.352918e-03 -2.841128e-02 5.821255e+00
-1.352918e-03 -2.570544e-02 5.359015e+00
-1.352918e-03 -2.299961e-02 4.902981e+00
-1.352918e-03 -2.029377e-02 4.454238e+00
-1.352918e-03 -1.758793e-02 4.014511e+00
-1.352918e-03 -1.488210e-02 3.586340e+00
-1.352918e-03 -1.217626e-02 3.173668e+00
-1.352918e-03 -9.470426e-03 2.782688e+00
-1.352918e-03 -6.764590e-03 2.423265e+00
-1.352918e-03 -4.058754e-03 2.111009e+00
-1.352918e-03 -1.352918e-03 1.869245e+00
-1.352918e-03 1.352918e-03 1.727547e+00
-1.352918e-03 4.058754e-03 1.710925e+00
-1.352918e-03 6.764590e-03 1.822952e+00
-1.352918e-03 9.470426e-03 2.042908e+00
-1.352918e-03 1.217626e-02 2.341026e+00
-1.352918e-03 1.488210e-02 2.692006e+00
-1.352918e-03 1.758793e-02 3.078442e+00
-1.352918e-03 2.029377e-02 3.489237e+00
-1.352918e-03 2.299961e-02 3.917451e+00
-1.352918e-03 2.570544e-02 4.358655e+00
-1.352918e-03 2.841128e-02 4.810070e+00
-1.352918e-03 3.111711e-02 5.269847e+00
-1.352918e-03 3.382295e-02 5.325011e+00
-1.352918e-03 3.652879e-02 4.881887e+00
-1.352918e-03 3.923462e-02 4.499831e+00
1.352918e-03 -3.923462e-02 5.638308e+00
1.352918e-03 -3.652879e-02 6.031471e+00
1.352918e-03 -3.382295e-02 6.487360e+00
1.352918e-03 -3.111711e-02 6.442135e+00
1.352918e-03 -2.841128e-02 5.988683e+00
1.352918e-03 -2.570544e-02 5.542647e+00
1.352918e-03 -2.299961e-02 5.105182e+00
1.352918e-03 -2.029377e-02 4.677883e+00
1.352918e-03 -1.758793e-02 4.263106e+00
1.352918e-03 -1.488210e-02 3.864152e+00
1.352918e-03 -1.217626e-02 3.485739e+00
1.352918e-03 -9.470426e-03 3.134681e+00
1.352918e-03 -6.764590e-03 2.820613e+00
1.352918e-03 -4.058754e-03 2.556714e+00
1.352918e-03 -1.352918e-03 2.359500e+00
1.352918e-03 1.352918e-03 2.246378e+00
1.352918e-03 4.058754e-03 2.230138e+00
1.352918e-03 6.764590e-03 2.312953e+00
1.352918e-03 9.470426e-03 2.485204e+00
1.352918e-03 1.217626e-02 2.730440e+00
1.352918e-03 1.488210e-02 3.031488e+00
1.352918e-03 1.758793e-02 3.374020e+00
1.352918e-03 2.029377e-02 3.747321e+00
1.352918e-03 2.299961e-02 4.143787e+00
1.352918e-03 2.570544e-02 4.558054e+00
1.352918e-03 2.841128e-02 4.986496e+00
1.352918e-03 3.111711e-02 5.426529e+00
1.352918e-03 3.382295e-02 5.465142e+00
1.352918e-03 3.652879e-02 5.008399e+00
1.352918e-03 3.923462e-02 4.614550e+00
4.058754e-03 -3.923462e-02 5.729359e+00
4.058754e-03 -3.652879e-02 6.126871e+00
4.058754e-03 -3.382295e-02 6.586605e+00
4.058754e-03 -3.111711e-02 6.632590e+00
4.058754e-03 -2.841128e-02 6.195235e+00
4.058754e-03 -2.570544e-02 5.767277e+00
4.058754e-03 -2.299961e-02 5.350203e+00
4.058754e-03 -2.029377e-02 4.945992e+00
4.058754e-03 -1.758793e-02 4.557349e+00
4.058754e-03 -1.488210e-02 4.187921e+00
4.058754e-03 -1.217626e-02 3.842586e+00
4.058754e-03 -9.470426e-03 3.527845e+00
4.058754e-03 -6.764590e-03 3.252051e+00
4.058754e-03 -4.058754e-03 3.025438e+00
4.058754e-03 -1.352918e-03 2.859388e+00
4.058754e-03 1.352918e-03 2.764675e+00
4.058754e-03 4.058754e-03 2.748606e+00
4.058754e-03 6.764590e-03 2.812655e+00
4.058754e-03 9.470426e-03 2.951854e+00
4.058754e-03 1.217626e-02 3.156621e+00
4.058754e-03 1.488210e-02 3.415644e+00
4.058754e-03 1.758793e-02 3.718140e+00
4.058754e-03 2.029377e-02 4.055011e+00
4.058754e-03 2.299961e-02 4.419062e+00
4.058754e-03 2.570544e-02 4.804821e+00
4.058754e-03 2.841128e-02 5.208236e+00
4.058754e-03 3.111711e-02 5.626293e+00
4.058754e-03 3.382295e-02 5.570673e+00
4.058754e-03 3.652879e-02 5.107954e+00
4.058754e-03 3.923462e-02 4.707941e+00
6.764590e-03 -3.923462e-02 5.793764e+00
6.764590e-03 -3.652879e-02 6.189324e+00
6.764590e-03 -3.382295e-02 6.644532e+00
6.764590e-03 -3.111711e-02 6.856717e+00
6.764590e-03 -2.841128e-02 6.436616e+00
6.764590e-03 -2.570544e-02 6.027766e+00
6.764590e-03 -2.299961e-02 5.631858e+00
6.764590e-03 -2.029377e-02 5.251083e+00
6.764590e-03 -1.758793e-02 4.888265e+00
6.764590e-03 -1.488210e-02 4.547050e+00
6.764590e-03 -1.217626e-02 4.232048e+00
6.764590e-03 -9.470426e-03 3.948978e+00
6.764590e-03 -6.764590e-03 3.704675e+00
6.764590e-03 -4.058754e-03 3.506880e+00
6.764590e-03 -1.352918e-03 3.363514e+00
6.764590e-03 1.352918e-03 3.281530e+00
6.764590e-03 4.058754e-03 3.265539e+00
6.764590e-03 6.764590e-03 3.316559e+00
6.764590e-03 9.470426e-03 3.431827e+00
6.764590e-03 1.217626e-02 3.605502e+00
6.764590e-03 1.488210e-02 3.830072e+00
6.764590e-03 1.758793e-02 4.097672e+00
6.764590e-03 2.029377e-02 4.401069e+00
6.764590e-03 2.299961e-02 4.733969e+00
6.764590e-03 2.570544e-02 5.091336e+00
6.764590e-03 2.841128e-02 5.469101e+00
6.764590e-03 3.111711e-02 5.864114e+00
6.764590e-03 3.382295e-02 5.640347e+00
6.764590e-03 3.652879e-02 5.179310e+00
6.764590e-03 3.923462e-02 4.778836e+00
9.470426e-03 -3.923462e-02 5.831851e+00
9.470426e-03 -3.652879e-02 6.219635e+00
9.470426e-03 -3.382295e-02 6.662801e+00
9.470426e-03 -3.111711e-02 7.110834e+00
9.470426e-03 -2.841128e-02 6.708516e+00
9.470426e-03 -2.570544e-02 6.319085e+00
9.470426e-03 -2.299961e-02 5.944303e+00
9.470426e-03 -2.029377e-02 5.586415e+00
9.470426e-03 -1.758793e-02 5.248178e+00
9.470426e-03 -1.488210e-02 4.933029e+00
9.470426e-03 -1.217626e-02 4.645074e+00
9.470426e-03 -9.470426e-03 4.389149e+00
9.470426e-03 -6.764590e-03 4.170670e+00
9.470426e-03 -4.058754e-03 3.995484e+00
9.470426e-03 -1.352918e-03 3.869180e+00
9.470426e-03 1.352918e-03 3.796526e+00
9.470426e-03 4.058754e-03 3.780497e+00
9.470426e-03 6.764590e-03 3.821945e+00
9.470426e-03 9.470426e-03 3.919222e+00
9.470426e-03 1.217626e-02 4.068603e+00
9.470426e-03 1.488210e-02 4.265015e+00
9.470426e-03 1.758793e-02 4.502781e+00
9.470426e-03 2.029377e-02 4.776278e+00
9.470426e-03 2.299961e-02 5.080361e+00
9.470426e-03 2.570544e-02 5.410554e+00
9.470426e-03 2.841128e-02 5.763102e+00
9.470426e-03 3.111711e-02 6.134937e+00
9.470426e-03 3.382295e-02 5.674954e+00
9.470426e-03 3.652879e-02 5.222620e+00
9.470426e-03 3.923462e-02 4.827073e+00
1.217626e-02 -3.923462e-02 5.844963e+00
1.217626e-02 -3.652879e-02 6.219985e+00
1.217626e-02 -3.382295e-02 6.644918e+00
1.217626e-02 -3.111711e-02 7.129180e+00
1.217626e-02 -2.841128e-02 7.006851e+00
1.217626e-02 -2.570544e-02 6.636592e+00
1.217626e-02 -2.299961e-02 6.282322e+00
1.217626e-02 -2.029377e-02 5.946198e+00
1.217626e-02 -1.758793e-02 5.630839e+00
1.217626e-02 -1.488210e-02 5.339283e+00
1.217626e-02 -1.217626e-02 5.075095e+00
1.217626e-02 -9.470426e-03 4.842263e+00
1.217626e-02 -6.764590e-03 4.645077e+00
1.217626e-02 -4.058754e-03 4.487923e+00
1.217626e-02 -1.352918e-03 4.374884e+00
1.217626e-02 1.352918e-03 4.309258e+00
1.217626e-02 4.058754e-03 4.293179e+00
1.217626e-02 6.764590e-03 4.327299e+00
1.217626e-02 9.470426e-03 4.410583e+00
1.217626e-02 1.217626e-02 4.540619e+00
1.217626e-02 1.488210e-02 4.713885e+00
1.217626e-02 1.758793e-02 4.926283e+00
1.217626e-02 2.029377e-02 5.173520e+00
1.217626e-02 2.299961e-02 5.451454e+00
1.217626e-02 2.570544e-02 5.756308e+00
1.217626e-02 2.841128e-02 6.084754e+00
1.217626e-02 3.111711e-02 6.176429e+00
1.217626e-02 3.382295e-02 5.677017e+00
1.217626e-02 3.652879e-02 5.239298e+00
1.217626e-02 3.923462e-02 4.853394e+00
1.488210e-02 -3.923462e-02 5.835229e+00
1.488210e-02 -3.652879e-02 6.193555e+00
1.488210e-02 -3.382295e-02 6.595658e+00
1.488210e-02 -3.111711e-02 7.048517e+00
1.488210e-02 -2.841128e-02 7.327819e+00
1.488210e-02 -2.570544e-02 6.976100e+00
1.488210e-02 -2.299961e-02 6.641356e+00
1.488210e-02 -2.029377e-02 6.325602e+00
1.488210e-02 -1.758793e-02 6.031162e+00
1.488210e-02 -1.488210e-02 5.760760e+00
1.488210e-02 -1.217626e-02 5.517344e+00
1.488210e-02 -9.470426e-03 5.304208e+00
1.488210e-02 -6.764590e-03 5.124715e+00
1.488210e-02 -4.058754e-03 4.982211e+00
1.488210e-02 -1.352918e-03 4.879677e+00
1.488210e-02 1.352918e-03 4.819572e+00
1.488210e-02 4.058754e-03 4.803393e+00
1.488210e-02 6.764590e-03 4.831676e+00
1.488210e-02 9.470426e-03 4.903790e+00
1.488210e-02 1.217626e-02 5.018115e+00
1.488210e-02 1.488210e-02 5.172173e+00
1.488210e-02 1.758793e-02 5.362974e+00
1.488210e-02 2.029377e-02 5.587259e+00
1.488210e-02 2.299961e-02 5.841769e+00
1.488210e-02 2.570544e-02 6.123368e+00
1.488210e-02 2.841128e-02 6.429216e+00
1.488210e-02 3.111711e-02 6.122499e+00
1.488210e-02 3.382295e-02 5.650288e+00
1.488210e-02 3.652879e-02 5.231724e+00
1.488210e-02 3.923462e-02 4.859291e+00
1.758793e-02 -3.923462e-02 5.805320e+00
1.758793e-02 -3.652879e-02 6.144138e+00
1.758793e-02 -3.382295e-02 6.520393e+00
1.758793e-02 -3.111711e-02 6.938896e+00
1.758793e-02 -2.841128e-02 7.404652e+00
1.758793e-02 -2.570544e-02 7.333967e+00
1.758793e-02 -2.299961e-02 7.017556e+00
1.758793e-02 -2.029377e-02 6.720591e+00
1.758793e-02 -1.758793e-02 6.445177e+00
1.758793e-02 -1.488210e-02 6.193577e+00
1.758793e-02 -1.217626e-02 5.968318e+00
1.758793e-02 -9.470426e-03 5.772030e+00
1.758793e-02 -6.764590e-03 5.607369e+00
1.758793e-02 -4.058754e-03 5.476925e+00
1.758793e-02 -1.352918e-03 5.382924e+00
1.758793e-02 1.352918e-03 5.327194e+00
1.758793e-02 4.058754e-03 5.310892e+00
1.758793e-02 6.764590e-03 5.334430e+00
1.758793e-02 9.470426e-03 5.397430e+00
1.758793e-02 1.217626e-02 5.498771e+00
1.758793e-02 1.488210e-02 5.636699e+00
1.758793e-02 1.758793e-02 5.809033e+00
1.758793e-02 2.029377e-02 6.013297e+00
1.758793e-02 2.299961e-02 6.246924e+00
1.758793e-02 2.570544e-02 6.507392e+00
1.758793e-02 2.841128e-02 6.534117e+00
1.758793e-02 3.111711e-02 6.041016e+00
1.758793e-02 3.382295e-02 5.599187e+00
1.758793e-02 3.652879e-02 5.202904e+00
1.758793e-02 3.923462e-02 4.846796e+00
2.029377e-02 -3.923462e-02 5.758177e+00
2.029377e-02 -3.652879e-02 6.075715e+00
2.029377e-02 -3.382295e-02 6.424564e+00
2.029377e-02 -3.111711e-02 6.807710e+00
2.029377e-02 -2.841128e-02 7.227761e+00
2.029377e-02 -2.570544e-02 7.686555e+00
2.029377e-02 -2.299961e-02 7.407644e+00
2.029377e-02 -2.029377e-02 7.127927e+00
2.029377e-02 -1.758793e-02 6.869663e+00
2.029377e-02 -1.488210e-02 6.634772e+00
2.029377e-02 -1.217626e-02 6.425375e+00
2.029377e-02 -9.470426e-03 6.243572e+00
2.029377e-02 -6.764590e-03 6.091488e+00
2.029377e-02 -4.058754e-03 5.971097e+00
2.029377e-02 -1.352918e-03 5.884123e+00
2.029377e-02 1.352918e-03 5.831958e+00
2.029377e-02 4.058754e-03 5.815498e+00
2.029377e-02 6.764590e-03 5.835073e+00
2.029377e-02 9.470426e-03 5.890474e+00
2.029377e-02 1.217626e-02 5.980921e+00
2.029377e-02 1.488210e-02 6.105173e+00
2.029377e-02 1.758793e-02 6.261612e+00
2.029377e-02 2.029377e-02 6.448363e+00
2.029377e-02 2.299961e-02 6.663434e+00
2.029377e-02 2.570544e-02 6.884752e+00
2.029377e-02 2.841128e-02 6.389626e+00
2.029377e-02 3.111711e-02 5.938385e+00
2.029377e-02 3.382295e-02 5.528328e+00
2.029377e-02 3.652879e-02 5.156130e+00
2.029377e-02 3.923462e-02 4.818255e+00
2.299961e-02 -3.923462e-02 5.696789e+00
2.299961e-02 -3.652879e-02 5.992220e+00
2.299961e-02 -3.382295e-02 6.313285e+00
2.299961e-02 -3.111711e-02 6.661516e+00
2.299961e-02 -2.841128e-02 7.037795e+00
2.299961e-02 -2.570544e-02 7.441954e+00
2.299961e-02 -2.299961e-02 7.808882e+00
2.299961e-02 -2.029377e-02 7.544885e+00
2.299961e-02 -1.758793e-02 7.302055e+00
2.299961e-02 -1.488210e-02 7.082034e+00
2.299961e-02 -1.217626e-02 6.886521e+00
2.299961e-02 -9.470426e-03 6.717242e+00
2.299961e-02 -6.764590e-03 6.575863e+00
2.299961e-02 -4.058754e-03 6.463987e+00
2.299961e-02 -1.352918e-03 6.382863e+00
2.299961e-02 1.352918e-03 6.333635e+00
2.299961e-02 4.058754e-03 6.317023e+00
2.299961e-02 6.764590e-03 6.333202e+00
2.299961e-02 9.470426e-03 6.382179e+00
2.299961e-02 1.217626e-02 6.463405e+00
2.299961e-02 1.488210e-02 6.575893e+00
2.299961e-02 1.758793e-02 6.718552e+00
2.299961e-02 2.029377e-02 6.889936e+00
2.299961e-02 2.299961e-02 7.088512e+00
2.299961e-02 2.570544e-02 6.674847e+00
2.299961e-02 2.841128e-02 6.231148e+00
2.299961e-02 3.111711e-02 5.820429e+00
2.299961e-02 3.382295e-02 5.442130e+00
2.299961e-02 3.652879e-02 5.094712e+00
2.299961e-02 3.923462e-02 4.776126e+00
2.570544e-02 -3.923462e-02 5.624034e+00
2.570544e-02 -3.652879e-02 5.897270e+00
2.570544e-02 -3.382295e-02 6.191070e+00
2.570544e-02 -3.111711e-02 6.505877e+00
2.570544e-02 -2.841128e-02 6.841381e+00
2.570544e-02 -2.570544e-02 7.196142e+00
2.570544e-02 -2.299961e-02 7.567049e+00
2.570544e-02 -2.029377e-02 7.948699e+00
2.570544e-02 -1.758793e-02 7.740312e+00
2.570544e-02 -1.488210e-02 7.533488e+00
2.570544e-02 -1.217626e-02 7.350174e+00
2.570544e-02 -9.470426e-03 7.191769e+00
2.570544e-02 -6.764590e-03 7.059619e+00
2.570544e-02 -4.058754e-03 6.954953e+00
2.570544e-02 -1.352918e-03 6.878799e+00
2.570544e-02 1.352918e-03 6.832011e+00
2.570544e-02 4.058754e-03 6.815148e+00
2.570544e-02 6.764590e-03 6.828465e+00
2.570544e-02 9.470426e-03 6.871923e+00
2.570544e-02 1.217626e-02 6.945154e+00
2.570544e-02 1.488210e-02 7.047524e+00
2.570544e-02 1.758793e-02 7.178167e+00
2.570544e-02 2.029377e-02 7.315832e+00
2.570544e-02 2.299961e-02 6.880143e+00
2.570544e-02 2.570544e-02 6.461556e+00
2.570544e-02 2.841128e-02 6.064752e+00
2.570544e-02 3.111711e-02 5.692151e+00
2.570544e-02 3.382295e-02 5.344577e+00
2.570544e-02 3.652879e-02 5.021776e+00
2.570544e-02 3.923462e-02 4.722834e+00
2.841128e-02 -3.923462e-02 5.542537e+00
2.841128e-02 -3.652879e-02 5.794071e+00
2.841128e-02 -3.382295e-02 6.061760e+00
2.841128e-02 -3.111711e-02 6.345275e+00
2.841128e-02 -2.841128e-02 6.643546e+00
2.841128e-02 -2.570544e-02 6.954405e+00
2.841128e-02 -2.299961e-02 7.274267e+00
2.841128e-02 -2.029377e-02 7.597714e+00
2.841128e-02 -1.758793e-02 7.917109e+00
2.841128e-02 -1.488210e-02 7.987623e+00
2.841128e-02 -1.217626e-02 7.815068e+00
2.841128e-02 -9.470426e-03 7.666173e+00
2.841128e-02 -6.764590e-03 7.542006e+00
2.841128e-02 -4.058754e-03 7.443541e+00
2.841128e-02 -1.352918e-03 7.371595e+00
2.841128e-02 1.352918e-03 7.326849e+00
2.841128e-02 4.058754e-03 7.309741e+00
2.841128e-02 6.764590e-03 7.320524e+00
2.841128e-02 9.470426e-03 7.359193e+00
2.841128e-02 1.217626e-02 7.425510e+00
2.841128e-02 1.488210e-02 7.519021e+00
2.841128e-02 1.758793e-02 7.377678e+00
2.841128e-02 2.029377e-02 6.997217e+00
2.841128e-02 2.299961e-02 6.618901e+00
2.841128e-02 2.570544e-02 6.249900e+00
2.841128e-02 2.841128e-02 5.895126e+00
2.841128e-02 3.111711e-02 5.557644e+00
2.841128e-02 3.382295e-02 5.239107e+00
2.841128e-02 3.652879e-02 4.940137e+00
2.841128e-02 3.923462e-02 4.660641e+00
3.111711e-02 -3.923462e-02 5.454629e+00
3.111711e-02 -3.652879e-02 5.685351e+00
3.111711e-02 -3.382295e-02 5.928478e+00
3.111711e-02 -3.111711e-02 6.183179e+00
3.111711e-02 -2.841128e-02 6.447917e+00
3.111711e-02 -2.570544e-02 6.720190e+00
3.111711e-02 -2.299961e-02 6.996343e+00
3.111711e-02 -2.029377e-02 7.271286e+00
3.111711e-02 -1.758793e-02 7.538336e+00
3.111711e-02 -1.488210e-02 7.789233e+00
3.111711e-02 -1.217626e-02 8.014289e+00
3.111711e-02 -9.470426e-03 8.139605e+00
3.111711e-02 -6.764590e-03 8.022385e+00
3.111711e-02 -4.058754e-03 7.929272e+00
3.111711e-02 -1.352918e-03 7.860929e+00
3.111711e-02 1.352918e-03 7.817888e+00
3.111711e-02 4.058754e-03 7.800530e+00
3.111711e-02 6.764590e-03 7.809068e+00
3.111711e-02 9.470426e-03 7.843525e+00
3.111711e-02 1.217626e-02 7.640915e+00
3.111711e-02 1.488210e-02 7.344260e+00
3.111711e-02 1.758793e-02 7.027241e+00
3.111711e-02 2.029377e-02 6.699603e+00
3.111711e-02 2.299961e-02 6.369479e+00
3.111711e-02 2.570544e-02 6.043275e+00
3.111711e-02 2.841128e-02 5.725731e+00
3.111711e-02 3.111711e-02 5.420134e+00
3.111711e-02 3.382295e-02 5.128579e+00
3.111711e-02 3.652879e-02 4.852239e+00
3.111711e-02 3.923462e-02 4.591590e+00
3.382295e-02 -3.923462e-02 5.362308e+00
3.382295e-02 -3.652879e-02 5.573371e+00
3.382295e-02 -3.382295e-02 5.793707e+00
3.382295e-02 -3.111711e-02 6.022177e+00
3.382295e-02 -2.841128e-02 6.257005e+00
3.382295e-02 -2.570544e-02 6.495613e+00
3.382295e-02 -2.299961e-02 6.734482e+00
3.382295e-02 -2.029377e-02 6.969026e+00
3.382295e-02 -1.758793e-02 7.193526e+00
3.382295e-02 -1.488210e-02 7.401223e+00
3.382295e-02 -1.217626e-02 7.584518e+00
3.382295e-02 -9.470426e-03 7.735474e+00
3.382295e-02 -6.764590e-03 7.846366e+00
3.382295e-02 -4.058754e-03 7.910554e+00
3.382295e-02 -1.352918e-03 7.923269e+00
3.382295e-02 1.352918e-03 7.882214e+00
3.382295e-02 4.058754e-03 7.788009e+00
3.382295e-02 6.764590e-03 7.644079e+00
3.382295e-02 9.470426e-03 7.456235e+00
3.382295e-02 1.217626e-02 7.231948e+00
3.382295e-02 1.488210e-02 6.979513e+00
3.382295e-02 1.758793e-02 6.707256e+00
3.382295e-02 2.029377e-02 6.422918e+00
3.382295e-02 2.299961e-02 6.133253e+00
3.382295e-02 2.570544e-02 5.843834e+00
3.382295e-02 2.841128e-02 5.559030e+00
3.382295e-02 3.111711e-02 5.282090e+00
3.382295e-02 3.382295e-02 5.015302e+00
3.382295e-02 3.652879e-02 4.760142e+00
3.382295e-02 3.923462e-02 4.517465e+00
3.652879e-02 -3.923462e-02 5.267251e+00
3.652879e-02 -3.652879e-02 5.459954e+00
3.652879e-02 -3.382295e-02 5.659353e+00
3.652879e-02 -3.111711e-02 5.864143e+00
3.652879e-02 -2.841128e-02 6.072463e+00
3.652879e-02 -2.570544e-02 6.281807e+00
3.652879e-02 -2.299961e-02 6.488922e+00
3.652879e-02 -2.029377e-02 6.689758e+00
3.652879e-02 -1.758793e-02 6.879490e+00
3.652879e-02 -1.488210e-02 7.052604e+00
3.652879e-02 -1.217626e-02 7.203116e+00
3.652879e-02 -9.470426e-03 7.324962e+00
3.652879e-02 -6.764590e-03 7.412396e+00
3.652879e-02 -4.058754e-03 7.460588e+00
3.652879e-02 -1.352918e-03 7.466129e+00
3.652879e-02 1.352918e-03 7.427424e+00
3.652879e-02 4.058754e-03 7.344963e+00
3.652879e-02 6.764590e-03 7.221256e+00
3.652879e-02 9.470426e-03 7.060562e+00
3.652879e-02 1.217626e-02 6.868409e+00
3.652879e-02 1.488210e-02 6.651067e+00
3.652879e-02 1.758793e-02 6.414980e+00
3.652879e-02 2.029377e-02 6.166326e+00
3.652879e-02 2.299961e-02 5.910683e+00
3.652879e-02 2.570544e-02 5.652832e+00
3.652879e-02 2.841128e-02 5.396693e+00
3.652879e-02 3.111711e-02 5.145343e+00
3.652879e-02 3.382295e-02 4.901080e+00
3.652879e-02 3.652879e-02 4.665536e+00
3.652879e-02 3.923462e-02 4.439807e+00
3.923462e-02 -3.923462e-02 5.170837e+00
3.923462e-02 -3.652879e-02 5.346532e+00
3.923462e-02 -3.382295e-02 5.526840e+00
3.923462e-02 -3.111711e-02 5.710374e+00
3.923462e-02 -2.841128e-02 5.895298e+00
3.923462e-02 -2.570544e-02 6.079251e+00
3.923462e-02 -2.299961e-02 6.259299e+00
3.923462e-02 -2.029377e-02 6.431925e+00
3.923462e-02 -1.758793e-02 6.593070e+00
3.923462e-02 -1.488210e-02 6.738244e+00
3.923462e-02 -1.217626e-02 6.862711e+00
3.923462e-02 -9.470426e-03 6.961783e+00
3.923462e-02 -6.764590e-03 7.031111e+00
3.923462e-02 -4.058754e-03 7.067125e+00
3.923462e-02 -1.352918e-03 7.067332e+00
3.923462e-02 1.352918e-03 7.030626e+00
3.923462e-02 4.058754e-03 6.957370e+00
3.923462e-02 6.764590e-03 6.849462e+00
3.923462e-02 9.470426e-03 6.710082e+00
3.923462e-02 1.217626e-02 6.543411e+00
3.923462e-02 1.488210e-02 6.354256e+00
3.923462e-02 1.758793e-02 6.147665e+00
3.923462e-02 2.029377e-02 5.928593e+00
3.923462e-02 2.299961e-02 5.701644e+00
3.923462e-02 2.570544e-02 5.470894e+00
3.923462e-02 2.841128e-02 5.239804e+00
3.923462e-02 3.111711e-02 5.011201e+00
3.923462e-02 3.382295e-02 4.787303e+00
3.923462e-02 3.652879e-02 4.569781e+00
3.923462e-02 3.923462e-02 4.359831e+00
