0.000000e+00 -9.540404e+05 -9.539630e+05
6.283185e-02 -1.601687e+06 -1.601711e+06
1.256637e-01 -2.201939e+06 -2.201790e+06
1.884956e-01 -2.372737e+06 -2.372304e+06
2.513274e-01 -2.010362e+06 -2.011010e+06
3.141593e-01 -1.498426e+06 -1.498315e+06
3.769911e-01 -1.237683e+06 -1.242065e+06
4.398230e-01 -1.389712e+06 -1.389777e+06
5.026548e-01 -1.722255e+06 -1.722836e+06
5.654867e-01 -1.864664e+06 -1.864939e+06
6.283185e-01 -1.696888e+06 -1.697563e+06
6.911504e-01 -1.352237e+06 -1.352190e+06
7.539822e-01 -1.005388e+06 -1.005363e+06
8.168141e-01 -7.904275e+05 -7.905072e+05
8.796459e-01 -7.506519e+05 -7.493860e+05
9.424778e-01 -8.157646e+05 -8.161200e+05
1.005310e+00 -8.865654e+05 -8.863887e+05
1.068142e+00 -9.061422e+05 -9.061528e+05
1.130973e+00 -8.934052e+05 -8.933545e+05
1.193805e+00 -8.981963e+05 -8.980681e+05
1.256637e+00 -9.489716e+05 -9.490349e+05
1.319469e+00 -1.027576e+06 -1.027416e+06
1.382301e+00 -1.086400e+06 -1.086343e+06
1.445133e+00 -1.093309e+06 -1.093328e+06
1.507964e+00 -1.053741e+06 -1.053551e+06
1.570796e+00 -9.998970e+05 -1.000449e+06
1.633628e+00 -9.705560e+05 -9.703678e+05
1.696460e+00 -9.802976e+05 -9.801586e+05
1.759292e+00 -1.019760e+06 -1.019640e+06
1.822124e+00 -1.063309e+06 -1.062771e+06
1.884956e+00 -1.088909e+06 -1.088372e+06
1.947787e+00 -1.097748e+06 -1.097822e+06
2.010619e+00 -1.124192e+06 -1.124204e+06
2.073451e+00 -1.226242e+06 -1.226225e+06
2.136283e+00 -1.458697e+06 -1.458478e+06
2.199115e+00 -1.828951e+06 -1.829372e+06
2.261947e+00 -2.278622e+06 -2.278064e+06
2.324779e+00 -2.684814e+06 -2.684747e+06
2.387610e+00 -2.885379e+06 -2.885272e+06
2.450442e+00 -2.697712e+06 -2.697679e+06
2.513274e+00 -2.097282e+06 -2.097791e+06
2.576106e+00 -1.403765e+06 -1.404295e+06
2.638938e+00 -9.724374e+05 -9.724634e+05
2.701770e+00 -7.965737e+05 -7.958500e+05
2.764602e+00 -6.159220e+05 -6.155113e+05
2.827433e+00 -2.674447e+05 -2.674214e+05
2.890265e+00 1.376152e+05 1.375204e+05
2.953097e+00 4.408723e+05 4.424342e+05
3.015929e+00 6.437059e+05 6.433571e+05
3.078761e+00 7.860871e+05 7.860197e+05
3.141593e+00 8.704920e+05 8.704171e+05
3.204425e+00 8.821009e+05 8.818388e+05
3.267256e+00 8.463048e+05 8.464556e+05
3.330088e+00 8.213593e+05 8.214004e+05
3.392920e+00 8.460990e+05 8.464561e+05
3.455752e+00 9.206689e+05 9.212007e+05
3.518584e+00 1.022694e+06 1.023012e+06
3.581416e+00 1.141893e+06 1.142114e+06
3.644247e+00 1.291064e+06 1.291132e+06
3.707079e+00 1.476062e+06 1.476312e+06
3.769911e+00 1.667181e+06 1.666667e+06
3.832743e+00 1.799211e+06 1.798910e+06
3.895575e+00 1.824481e+06 1.824411e+06
3.958407e+00 1.756948e+06 1.756689e+06
4.021239e+00 1.660753e+06 1.661066e+06
4.084070e+00 1.595219e+06 1.595153e+06
4.146902e+00 1.561391e+06 1.564003e+06
4.209734e+00 1.528630e+06 1.528676e+06
4.272566e+00 1.455277e+06 1.455320e+06
4.335398e+00 1.354169e+06 1.354047e+06
4.398230e+00 1.268872e+06 1.268688e+06
4.461062e+00 1.234963e+06 1.233915e+06
4.523893e+00 1.243432e+06 1.243310e+06
4.586725e+00 1.257826e+06 1.256742e+06
4.649557e+00 1.241958e+06 1.241539e+06
4.712389e+00 1.206652e+06 1.205512e+06
4.775221e+00 1.187140e+06 1.187359e+06
4.838053e+00 1.218165e+06 1.218137e+06
4.900885e+00 1.291960e+06 1.290928e+06
4.963716e+00 1.366467e+06 1.366380e+06
5.026548e+00 1.413040e+06 1.412933e+06
5.089380e+00 1.439627e+06 1.439574e+06
5.152212e+00 1.482365e+06 1.483052e+06
5.215044e+00 1.564726e+06 1.564897e+06
5.277876e+00 1.662046e+06 1.661090e+06
5.340708e+00 1.717960e+06 1.717502e+06
5.403539e+00 1.704376e+06 1.704439e+06
5.466371e+00 1.645603e+06 1.644924e+06
5.529203e+00 1.576676e+06 1.576054e+06
5.592035e+00 1.494535e+06 1.493640e+06
5.654867e+00 1.349331e+06 1.348605e+06
5.717699e+00 1.115620e+06 1.115192e+06
5.780530e+00 8.502116e+05 8.499235e+05
5.843362e+00 6.399242e+05 6.396895e+05
5.906194e+00 5.234651e+05 5.233693e+05
5.969026e+00 4.836300e+05 4.818069e+05
6.031858e+00 4.441668e+05 4.439337e+05
6.094690e+00 3.053827e+05 3.052473e+05
6.157522e+00 8.598846e+03 8.582632e+03
6.220353e+00 -4.183773e+05 -4.183981e+05

