1 1.770543e-01 1.302312e+00 
2 4.221845e-02 8.795210e-01 
3 3.760830e-02 8.167935e-01 
4 1.667752e-03 6.810418e-01 
5 2.259473e-03 5.915938e-01 
6 7.009997e-03 5.143643e-01 
7 1.225410e-03 4.621223e-01 
8 5.884061e-03 4.144252e-01 
9 5.159498e-03 3.624499e-01 
10 1.330448e-03 3.227595e-01 
11 1.394880e-03 2.840530e-01 
12 5.399643e-03 2.546297e-01 
13 2.495091e-03 2.198277e-01 
14 2.161817e-03 1.949435e-01 
15 2.169347e-03 1.708699e-01 
16 3.410449e-05 1.456314e-01 
17 1.989236e-03 1.238428e-01 
18 3.926253e-05 1.054239e-01 
19 1.091965e-03 9.001383e-02 
20 2.112532e-04 7.207503e-02 
21 2.147898e-03 5.880771e-02 
22 1.519357e-03 4.739143e-02 
23 1.597289e-03 3.561057e-02 
24 2.456408e-05 2.601389e-02 
25 2.990379e-04 1.940632e-02 
26 1.022924e-03 9.957511e-03 
27 1.219669e-03 6.913519e-03 
28 1.314197e-03 5.116117e-04 
29 1.274615e-03 1.908455e-03 
30 1.154866e-03 7.027605e-03 
31 9.807208e-04 7.537366e-03 
32 7.472576e-04 1.059152e-02 
33 5.088634e-04 1.070307e-02 
34 2.760704e-04 1.199013e-02 
35 8.738530e-05 1.197793e-02 
36 4.502554e-05 1.199912e-02 
37 1.184110e-04 1.183940e-02 
38 1.558264e-04 1.118385e-02 
39 1.505633e-04 1.080101e-02 
40 1.266876e-04 9.899499e-03 
41 8.933411e-05 9.290000e-03 
42 5.704007e-05 8.380906e-03 
43 2.795794e-05 7.633162e-03 
44 1.150617e-05 6.795826e-03 
45 1.645226e-06 6.028186e-03 
46 1.345014e-07 5.276968e-03 
47 4.448627e-07 4.574737e-03 
48 3.104505e-06 3.917281e-03 
49 4.157741e-06 3.316532e-03 
50 5.307938e-06 2.763452e-03 
51 4.863159e-06 2.270477e-03 
52 4.342112e-06 1.825106e-03 
53 2.910444e-06 1.434789e-03 
54 1.664126e-06 1.091190e-03 
55 3.835116e-08 7.935433e-04 
56 1.263578e-06 5.401113e-04 
57 2.406054e-06 3.226458e-04 
58 3.109187e-06 1.451017e-04 
59 3.429995e-06 5.275830e-06 
60 3.400498e-06 1.218519e-04 
61 2.999819e-06 2.179056e-04 
62 2.474112e-06 2.875034e-04 
63 1.735259e-06 3.412049e-04 
64 1.117013e-06 3.759547e-04 
65 4.419955e-07 3.981909e-04 
66 2.888124e-08 4.080457e-04 
67 3.759306e-07 4.082972e-04 
68 4.969205e-07 4.011870e-04 
69 6.288945e-07 3.872642e-04 
70 5.381232e-07 3.694157e-04 
71 5.125337e-07 3.473751e-04 
72 3.440434e-07 3.236087e-04 
73 2.815492e-07 2.978771e-04 
74 1.338004e-07 2.718142e-04 
75 1.003208e-07 2.454536e-04 
76 1.012780e-08 2.196716e-04 
77 1.680622e-08 1.946804e-04 
78 2.437774e-08 1.708662e-04 
79 3.531360e-09 1.484484e-04 
80 1.358562e-08 1.275662e-04 
81 1.339713e-08 1.083440e-04 
82 1.037074e-09 9.081188e-05 
83 1.625757e-08 7.498775e-05 
84 2.087493e-09 6.084154e-05 
85 6.400724e-09 4.832342e-05 
86 7.301105e-09 3.735407e-05 
87 7.848124e-09 2.785728e-05 
88 1.686518e-08 1.971408e-05 
89 1.717248e-08 1.284457e-05 
90 1.973881e-08 7.108679e-06 
91 1.805792e-08 2.428030e-06 
92 1.538732e-08 1.336968e-06 
93 1.264010e-08 4.265053e-06 
94 7.449786e-09 6.479045e-06 
95 5.346879e-09 8.058813e-06 
96 9.877081e-11 9.103138e-06 
97 2.086144e-10 9.690202e-06 
98 4.196407e-09 9.895194e-06 
99 2.666456e-09 9.789499e-06 
100 5.274408e-09 9.429193e-06 
