1.000000e-04 3.870481e-06 
1.083085e-04 3.838143e-06 
1.173074e-04 3.804266e-06 
1.270539e-04 3.770659e-06 
1.376102e-04 3.737421e-06 
1.490435e-04 3.704658e-06 
1.614269e-04 3.671608e-06 
1.748390e-04 3.637994e-06 
1.893656e-04 3.603810e-06 
2.050991e-04 3.571721e-06 
2.221398e-04 3.537385e-06 
2.405963e-04 3.503252e-06 
2.605863e-04 3.470052e-06 
2.822372e-04 3.436736e-06 
3.056869e-04 3.403845e-06 
3.310850e-04 3.370652e-06 
3.585933e-04 3.336657e-06 
3.883871e-04 3.306152e-06 
4.206563e-04 3.274614e-06 
4.556066e-04 3.238354e-06 
4.934608e-04 3.204448e-06 
5.344601e-04 3.171423e-06 
5.788658e-04 3.138197e-06 
6.269610e-04 3.105296e-06 
6.790522e-04 3.072392e-06 
7.354715e-04 3.039052e-06 
7.965783e-04 3.010473e-06 
8.627622e-04 2.977566e-06 
9.344449e-04 2.940901e-06 
1.012084e-03 2.907902e-06 
1.096173e-03 2.874701e-06 
1.187248e-03 2.841513e-06 
1.285891e-03 2.808475e-06 
1.392730e-03 2.775439e-06 
1.508445e-03 2.742452e-06 
1.633775e-03 2.713834e-06 
1.769517e-03 2.677148e-06 
1.916538e-03 2.643931e-06 
2.075774e-03 2.611102e-06 
2.248240e-03 2.578200e-06 
2.435036e-03 2.545356e-06 
2.637351e-03 2.512545e-06 
2.856476e-03 2.479701e-06 
3.093807e-03 2.447794e-06 
3.350857e-03 2.415558e-06 
3.629263e-03 2.381341e-06 
3.930801e-03 2.348537e-06 
4.257393e-03 2.315680e-06 
4.611119e-03 2.282861e-06 
4.994235e-03 2.250050e-06 
5.409183e-03 2.217237e-06 
5.858606e-03 2.184443e-06 
6.345369e-03 2.151956e-06 
6.872576e-03 2.119035e-06 
7.443585e-03 2.086044e-06 
8.062037e-03 2.053315e-06 
8.731874e-03 2.020513e-06 
9.457363e-03 1.987731e-06 
1.024313e-02 1.954963e-06 
1.109418e-02 1.922185e-06 
1.201595e-02 1.889473e-06 
1.301429e-02 1.856797e-06 
1.409559e-02 1.823974e-06 
1.526672e-02 1.791216e-06 
1.653516e-02 1.758523e-06 
1.790899e-02 1.725817e-06 
1.939696e-02 1.693124e-06 
2.100857e-02 1.660448e-06 
2.275407e-02 1.627779e-06 
2.464459e-02 1.595147e-06 
2.669220e-02 1.562556e-06 
2.890992e-02 1.532651e-06 
3.131191e-02 1.497330e-06 
3.391347e-02 1.464769e-06 
3.673118e-02 1.432229e-06 
3.978299e-02 1.399706e-06 
4.308837e-02 1.367199e-06 
4.666838e-02 1.334716e-06 
5.054583e-02 1.302240e-06 
5.474545e-02 1.269823e-06 
5.929398e-02 1.237406e-06 
6.422044e-02 1.205005e-06 
6.955621e-02 1.172621e-06 
7.533530e-02 1.140271e-06 
8.159455e-02 1.107921e-06 
8.837385e-02 1.075581e-06 
9.571641e-02 1.043119e-06 
1.036690e-01 1.010707e-06 
1.122824e-01 9.783541e-07 
1.216114e-01 9.460686e-07 
1.317155e-01 9.138846e-07 
1.426591e-01 8.817832e-07 
1.545120e-01 8.497903e-07 
1.673497e-01 8.179296e-07 
1.812540e-01 7.862064e-07 
1.963135e-01 7.546404e-07 
2.126242e-01 7.232579e-07 
2.302902e-01 6.920799e-07 
2.494239e-01 6.611330e-07 
2.701473e-01 6.304474e-07 
