1.000000e-04 3.854625e-06 
1.083085e-04 3.821832e-06 
1.173074e-04 3.789040e-06 
1.270539e-04 3.756247e-06 
1.376102e-04 3.723455e-06 
1.490435e-04 3.690662e-06 
1.614269e-04 3.657870e-06 
1.748390e-04 3.625077e-06 
1.893656e-04 3.592285e-06 
2.050991e-04 3.559492e-06 
2.221398e-04 3.526700e-06 
2.405963e-04 3.493907e-06 
2.605863e-04 3.461115e-06 
2.822372e-04 3.428322e-06 
3.056869e-04 3.395530e-06 
3.310850e-04 3.362737e-06 
3.585933e-04 3.329945e-06 
3.883871e-04 3.297152e-06 
4.206563e-04 3.264360e-06 
4.556066e-04 3.231567e-06 
4.934608e-04 3.198775e-06 
5.344601e-04 3.165982e-06 
5.788658e-04 3.133190e-06 
6.269610e-04 3.100397e-06 
6.790522e-04 3.067605e-06 
7.354715e-04 3.034812e-06 
7.965783e-04 3.002020e-06 
8.627622e-04 2.969228e-06 
9.344449e-04 2.936435e-06 
1.012084e-03 2.903643e-06 
1.096173e-03 2.870850e-06 
1.187248e-03 2.838058e-06 
1.285891e-03 2.805266e-06 
1.392730e-03 2.772474e-06 
1.508445e-03 2.739681e-06 
1.633775e-03 2.706889e-06 
1.769517e-03 2.674097e-06 
1.916538e-03 2.641305e-06 
2.075774e-03 2.608513e-06 
2.248240e-03 2.575721e-06 
2.435036e-03 2.542929e-06 
2.637351e-03 2.510137e-06 
2.856476e-03 2.477345e-06 
3.093807e-03 2.444554e-06 
3.350857e-03 2.411762e-06 
3.629263e-03 2.378971e-06 
3.930801e-03 2.346180e-06 
4.257393e-03 2.313389e-06 
4.611119e-03 2.280599e-06 
4.994235e-03 2.247808e-06 
5.409183e-03 2.215018e-06 
5.858606e-03 2.182229e-06 
6.345369e-03 2.149440e-06 
6.872576e-03 2.116651e-06 
7.443585e-03 2.083864e-06 
8.062037e-03 2.051077e-06 
8.731874e-03 2.018290e-06 
9.457363e-03 1.985505e-06 
1.024313e-02 1.952721e-06 
1.109418e-02 1.919938e-06 
1.201595e-02 1.887156e-06 
1.301429e-02 1.854376e-06 
1.409559e-02 1.821599e-06 
1.526672e-02 1.788823e-06 
1.653516e-02 1.756050e-06 
1.790899e-02 1.723280e-06 
1.939696e-02 1.690513e-06 
2.100857e-02 1.657751e-06 
2.275407e-02 1.624992e-06 
2.464459e-02 1.592239e-06 
2.669220e-02 1.559492e-06 
2.890992e-02 1.526752e-06 
3.131191e-02 1.494019e-06 
3.391347e-02 1.461296e-06 
3.673118e-02 1.428582e-06 
3.978299e-02 1.395881e-06 
4.308837e-02 1.363193e-06 
4.666838e-02 1.330520e-06 
5.054583e-02 1.297864e-06 
5.474545e-02 1.265229e-06 
5.929398e-02 1.232616e-06 
6.422044e-02 1.200030e-06 
6.955621e-02 1.167473e-06 
7.533530e-02 1.134949e-06 
8.159455e-02 1.102465e-06 
8.837385e-02 1.070023e-06 
9.571641e-02 1.037632e-06 
1.036690e-01 1.005297e-06 
1.122824e-01 9.730253e-07 
1.216114e-01 9.408263e-07 
1.317155e-01 9.087092e-07 
1.426591e-01 8.766846e-07 
1.545120e-01 8.447647e-07 
1.673497e-01 8.129629e-07 
1.812540e-01 7.812942e-07 
1.963135e-01 7.497753e-07 
2.126242e-01 7.184250e-07 
2.302902e-01 6.872639e-07 
2.494239e-01 6.563151e-07 
2.701473e-01 6.256040e-07 
