0.000000e+00 6.481961e+01 6.375792e+01 6.372368e+01
3.141593e-02 6.497542e+01 6.385491e+01 6.382403e+01
6.283185e-02 6.511976e+01 6.393705e+01 6.391213e+01
9.424778e-02 6.520879e+01 6.398442e+01 6.396853e+01
1.256637e-01 6.518913e+01 6.397749e+01 6.397123e+01
1.570796e-01 6.502385e+01 6.390638e+01 6.390584e+01
1.884956e-01 6.472254e+01 6.377715e+01 6.377631e+01
2.199115e-01 6.434049e+01 6.361557e+01 6.361142e+01
2.513274e-01 6.397993e+01 6.346739e+01 6.346167e+01
2.827433e-01 6.375988e+01 6.338814e+01 6.338346e+01
3.141593e-01 6.376647e+01 6.342584e+01 6.342121e+01
3.455752e-01 6.399475e+01 6.360005e+01 6.359155e+01
3.769911e-01 6.435608e+01 6.386748e+01 6.384910e+01
4.084070e-01 6.473514e+01 6.414813e+01 6.411151e+01
4.398230e-01 6.503645e+01 6.436820e+01 6.430484e+01
4.712389e-01 6.519045e+01 6.447659e+01 6.438327e+01
5.026548e-01 6.516865e+01 6.445174e+01 6.433520e+01
5.340708e-01 6.498708e+01 6.430349e+01 6.417889e+01
5.654867e-01 6.468761e+01 6.406563e+01 6.394949e+01
5.969026e-01 6.431256e+01 6.378082e+01 6.368473e+01
6.283185e-01 6.393553e+01 6.348685e+01 6.341561e+01
6.597345e-01 6.356012e+01 6.321066e+01 6.316349e+01
6.911504e-01 6.322590e+01 6.296877e+01 6.294119e+01
7.225663e-01 6.295048e+01 6.277017e+01 6.275549e+01
7.539822e-01 6.274325e+01 6.261948e+01 6.261034e+01
7.853982e-01 6.261481e+01 6.252095e+01 6.251145e+01
8.168141e-01 6.255608e+01 6.247441e+01 6.246135e+01
8.482300e-01 6.255679e+01 6.246702e+01 6.244938e+01
8.796459e-01 6.258660e+01 6.248019e+01 6.245807e+01
9.110619e-01 6.261675e+01 6.249809e+01 6.247197e+01
9.424778e-01 6.265980e+01 6.250983e+01 6.248047e+01
9.738937e-01 6.267677e+01 6.250900e+01 6.247763e+01
1.005310e+00 6.267190e+01 6.249304e+01 6.246133e+01
1.036726e+00 6.264519e+01 6.246256e+01 6.243223e+01
1.068142e+00 6.260062e+01 6.242040e+01 6.239279e+01
1.099557e+00 6.254358e+01 6.237068e+01 6.234657e+01
1.130973e+00 6.248238e+01 6.231811e+01 6.229773e+01
1.162389e+00 6.242357e+01 6.226747e+01 6.225075e+01
1.193805e+00 6.237441e+01 6.222342e+01 6.221008e+01
1.225221e+00 6.233946e+01 6.218969e+01 6.217923e+01
1.256637e+00 6.232108e+01 6.216754e+01 6.215908e+01
1.288053e+00 6.231849e+01 6.215418e+01 6.214660e+01
1.319469e+00 6.232196e+01 6.214433e+01 6.213660e+01
1.350885e+00 6.233656e+01 6.213377e+01 6.212541e+01
1.382301e+00 6.234619e+01 6.212064e+01 6.211183e+01
1.413717e+00 6.230717e+01 6.210444e+01 6.209569e+01
1.445133e+00 6.233968e+01 6.208516e+01 6.207692e+01
1.476549e+00 6.232305e+01 6.206289e+01 6.205536e+01
1.507964e+00 6.230435e+01 6.203808e+01 6.203117e+01
1.539380e+00 6.228718e+01 6.201218e+01 6.200573e+01
1.570796e+00 6.227532e+01 6.198834e+01 6.198224e+01
1.602212e+00 6.227143e+01 6.197070e+01 6.196497e+01
1.633628e+00 6.227506e+01 6.196284e+01 6.195750e+01
1.665044e+00 6.228453e+01 6.196630e+01 6.196132e+01
1.696460e+00 6.229855e+01 6.198016e+01 6.197550e+01
1.727876e+00 6.231547e+01 6.200145e+01 6.199702e+01
1.759292e+00 6.233490e+01 6.202609e+01 6.202183e+01
1.790708e+00 6.235422e+01 6.205018e+01 6.204599e+01
1.822124e+00 6.237074e+01 6.207095e+01 6.206675e+01
1.853540e+00 6.238273e+01 6.208724e+01 6.208294e+01
1.884956e+00 6.238836e+01 6.209949e+01 6.209502e+01
1.916372e+00 6.238629e+01 6.210988e+01 6.210525e+01
1.947787e+00 6.237806e+01 6.212291e+01 6.211825e+01
1.979203e+00 6.236778e+01 6.214587e+01 6.214152e+01
2.010619e+00 6.236473e+01 6.218815e+01 6.218476e+01
2.042035e+00 6.238487e+01 6.225757e+01 6.225575e+01
2.073451e+00 6.244657e+01 6.234299e+01 6.234222e+01
2.104867e+00 6.256664e+01 6.240954e+01 6.240775e+01
2.136283e+00 6.274643e+01 6.249351e+01 6.248744e+01
2.167699e+00 6.297679e+01 6.261089e+01 6.259675e+01
2.199115e+00 6.324037e+01 6.275071e+01 6.272610e+01
2.230531e+00 6.352342e+01 6.289730e+01 6.286222e+01
2.261947e+00 6.381582e+01 6.303814e+01 6.299442e+01
2.293363e+00 6.411574e+01 6.316508e+01 6.311521e+01
2.324779e+00 6.442301e+01 6.327234e+01 6.321879e+01
2.356194e+00 6.473723e+01 6.335487e+01 6.330026e+01
2.387610e+00 6.504669e+01 6.340870e+01 6.335623e+01
2.419026e+00 6.532756e+01 6.343274e+01 6.338595e+01
2.450442e+00 6.554392e+01 6.343047e+01 6.339206e+01
2.481858e+00 6.565702e+01 6.340975e+01 6.338025e+01
2.513274e+00 6.563879e+01 6.337981e+01 6.335725e+01
2.544690e+00 6.548858e+01 6.334761e+01 6.332869e+01
2.576106e+00 6.523390e+01 6.331797e+01 6.329939e+01
2.607522e+00 6.493048e+01 6.329606e+01 6.327543e+01
2.638938e+00 6.464009e+01 6.328617e+01 6.326236e+01
2.670354e+00 6.441983e+01 6.328684e+01 6.325881e+01
2.701770e+00 6.431495e+01 6.329661e+01 6.326015e+01
2.733186e+00 6.431510e+01 6.332968e+01 6.327657e+01
2.764602e+00 6.438157e+01 6.339648e+01 6.332113e+01
2.796017e+00 6.445326e+01 6.347404e+01 6.338141e+01
2.827433e+00 6.447886e+01 6.352458e+01 6.342872e+01
2.858849e+00 6.443713e+01 6.352675e+01 6.344182e+01
2.890265e+00 6.433801e+01 6.348397e+01 6.341742e+01
2.921681e+00 6.420860e+01 6.341437e+01 6.336639e+01
2.953097e+00 6.407773e+01 6.333712e+01 6.330395e+01
2.984513e+00 6.396396e+01 6.326430e+01 6.324156e+01
3.015929e+00 6.387217e+01 6.319977e+01 6.318409e+01
3.047345e+00 6.379572e+01 6.314200e+01 6.313129e+01
3.078761e+00 6.368902e+01 6.308753e+01 6.308056e+01
3.110177e+00 6.364429e+01 6.303345e+01 6.302936e+01
3.141593e+00 6.355374e+01 6.297881e+01 6.297679e+01
3.173009e+00 6.345443e+01 6.292508e+01 6.292432e+01
3.204425e+00 6.334287e+01 6.287561e+01 6.287545e+01
3.235840e+00 6.327009e+01 6.283433e+01 6.283433e+01
3.267256e+00 6.321081e+01 6.280428e+01 6.280420e+01
3.298672e+00 6.318521e+01 6.278713e+01 6.278684e+01
3.330088e+00 6.319531e+01 6.278341e+01 6.278267e+01
3.361504e+00 6.322906e+01 6.279196e+01 6.279038e+01
3.392920e+00 6.327658e+01 6.280923e+01 6.280625e+01
3.424336e+00 6.332579e+01 6.283007e+01 6.282514e+01
3.455752e+00 6.336636e+01 6.284945e+01 6.284221e+01
3.487168e+00 6.339323e+01 6.286390e+01 6.285430e+01
3.518584e+00 6.340558e+01 6.287215e+01 6.286046e+01
3.550000e+00 6.340744e+01 6.287502e+01 6.286165e+01
3.581416e+00 6.340641e+01 6.287469e+01 6.286002e+01
3.612832e+00 6.340782e+01 6.287365e+01 6.285791e+01
3.644247e+00 6.341783e+01 6.287362e+01 6.285681e+01
3.675663e+00 6.343793e+01 6.287480e+01 6.285671e+01
3.707079e+00 6.346578e+01 6.287569e+01 6.285604e+01
3.738495e+00 6.349603e+01 6.287366e+01 6.285225e+01
3.769911e+00 6.351967e+01 6.286588e+01 6.284278e+01
3.801327e+00 6.352885e+01 6.285017e+01 6.282584e+01
3.832743e+00 6.351370e+01 6.282564e+01 6.280091e+01
3.864159e+00 6.347460e+01 6.279289e+01 6.276875e+01
3.895575e+00 6.340980e+01 6.275384e+01 6.273122e+01
3.926991e+00 6.332631e+01 6.271139e+01 6.269090e+01
3.958407e+00 6.323304e+01 6.266884e+01 6.265070e+01
3.989823e+00 6.314202e+01 6.262931e+01 6.261337e+01
4.021239e+00 6.306226e+01 6.259503e+01 6.258083e+01
4.052655e+00 6.299984e+01 6.256686e+01 6.255374e+01
4.084070e+00 6.295705e+01 6.254426e+01 6.253145e+01
4.115486e+00 6.292908e+01 6.252569e+01 6.251250e+01
4.146902e+00 6.290521e+01 6.250913e+01 6.249509e+01
4.178318e+00 6.289107e+01 6.249232e+01 6.247743e+01
4.209734e+00 6.285864e+01 6.247335e+01 6.245806e+01
4.241150e+00 6.281806e+01 6.245121e+01 6.243632e+01
4.272566e+00 6.276492e+01 6.242630e+01 6.241263e+01
4.303982e+00 6.270281e+01 6.240026e+01 6.238842e+01
4.335398e+00 6.265177e+01 6.237551e+01 6.236564e+01
4.366814e+00 6.259961e+01 6.235437e+01 6.234617e+01
4.398230e+00 6.256456e+01 6.233855e+01 6.233133e+01
4.429646e+00 6.252977e+01 6.232906e+01 6.232193e+01
4.461062e+00 6.251247e+01 6.232634e+01 6.231837e+01
4.492477e+00 6.252003e+01 6.232948e+01 6.231997e+01
4.523893e+00 6.254279e+01 6.233580e+01 6.232447e+01
4.555309e+00 6.256282e+01 6.234176e+01 6.232886e+01
4.586725e+00 6.258237e+01 6.234439e+01 6.233067e+01
4.618141e+00 6.258404e+01 6.234241e+01 6.232885e+01
4.649557e+00 6.256469e+01 6.233642e+01 6.232389e+01
4.680973e+00 6.254045e+01 6.232848e+01 6.231746e+01
4.712389e+00 6.252067e+01 6.232132e+01 6.231178e+01
4.743805e+00 6.249338e+01 6.231764e+01 6.230912e+01
4.775221e+00 6.247950e+01 6.231960e+01 6.231138e+01
4.806637e+00 6.248595e+01 6.232846e+01 6.231973e+01
4.838053e+00 6.251220e+01 6.234405e+01 6.233408e+01
4.869469e+00 6.256728e+01 6.236455e+01 6.235278e+01
4.900885e+00 6.263299e+01 6.238694e+01 6.237318e+01
4.932300e+00 6.269021e+01 6.240816e+01 6.239266e+01
4.963716e+00 6.274277e+01 6.242623e+01 6.240961e+01
4.995132e+00 6.277714e+01 6.244079e+01 6.242386e+01
5.026548e+00 6.279972e+01 6.245305e+01 6.243653e+01
5.057964e+00 6.281493e+01 6.246529e+01 6.244956e+01
5.089380e+00 6.283102e+01 6.248015e+01 6.246517e+01
5.120796e+00 6.285340e+01 6.249983e+01 6.248517e+01
5.152212e+00 6.289838e+01 6.252559e+01 6.251051e+01
5.183628e+00 6.296053e+01 6.255735e+01 6.254091e+01
5.215044e+00 6.303599e+01 6.259372e+01 6.257496e+01
5.246460e+00 6.313282e+01 6.263222e+01 6.261044e+01
5.277876e+00 6.322244e+01 6.266981e+01 6.264486e+01
5.309292e+00 6.330799e+01 6.270367e+01 6.267612e+01
5.340708e+00 6.337644e+01 6.273211e+01 6.270312e+01
5.372123e+00 6.342366e+01 6.275498e+01 6.272589e+01
5.403539e+00 6.345832e+01 6.277362e+01 6.274546e+01
5.434955e+00 6.348645e+01 6.279030e+01 6.276354e+01
5.466371e+00 6.351065e+01 6.280743e+01 6.278193e+01
5.497787e+00 6.354534e+01 6.282671e+01 6.280192e+01
5.529203e+00 6.359306e+01 6.284838e+01 6.282352e+01
5.560619e+00 6.365585e+01 6.287083e+01 6.284511e+01
5.592035e+00 6.372778e+01 6.289077e+01 6.286368e+01
5.623451e+00 6.378759e+01 6.290401e+01 6.287565e+01
5.654867e+00 6.381935e+01 6.290662e+01 6.287795e+01
5.686283e+00 6.381243e+01 6.289604e+01 6.286872e+01
5.717699e+00 6.374702e+01 6.287184e+01 6.284766e+01
5.749115e+00 6.363566e+01 6.283594e+01 6.281607e+01
5.780530e+00 6.348000e+01 6.279236e+01 6.277701e+01
5.811946e+00 6.331030e+01 6.274706e+01 6.273563e+01
5.843362e+00 6.314110e+01 6.270757e+01 6.269914e+01
5.874778e+00 6.301100e+01 6.268237e+01 6.267599e+01
5.906194e+00 6.295357e+01 6.267907e+01 6.267386e+01
5.937610e+00 6.298872e+01 6.270154e+01 6.269645e+01
5.969026e+00 6.310602e+01 6.274939e+01 6.274292e+01
6.000442e+00 6.326795e+01 6.282153e+01 6.281145e+01
6.031858e+00 6.347386e+01 6.291566e+01 6.289941e+01
6.063274e+00 6.370635e+01 6.302548e+01 6.300128e+01
6.094690e+00 6.392868e+01 6.314192e+01 6.310997e+01
6.126106e+00 6.413318e+01 6.325660e+01 6.321915e+01
6.157522e+00 6.429852e+01 6.336461e+01 6.332475e+01
6.188938e+00 6.443181e+01 6.346543e+01 6.342571e+01
6.220353e+00 6.455208e+01 6.356213e+01 6.352387e+01
6.251769e+00 6.466746e+01 6.365895e+01 6.362255e+01
