0.000000e+00 3.159245e+00 3.224372e+00 2.991900e+00 3.206780e+00 3.212874e+00 
1.047198e-02 3.181108e+00 3.260889e+00 3.023555e+00 3.245081e+00 3.251753e+00 
2.094395e-02 3.201110e+00 3.297572e+00 3.055451e+00 3.283377e+00 3.290806e+00 
3.141593e-02 3.219288e+00 3.333831e+00 3.087085e+00 3.320986e+00 3.329341e+00 
4.188790e-02 3.235581e+00 3.368849e+00 3.117752e+00 3.357033e+00 3.366466e+00 
5.235988e-02 3.249798e+00 3.401590e+00 3.146545e+00 3.390465e+00 3.401103e+00 
6.283185e-02 3.261606e+00 3.430814e+00 3.172370e+00 3.420079e+00 3.432012e+00 
7.330383e-02 3.270526e+00 3.455128e+00 3.193985e+00 3.444563e+00 3.457832e+00 
8.377580e-02 3.275957e+00 3.473042e+00 3.210056e+00 3.462548e+00 3.477139e+00 
9.424778e-02 3.277220e+00 3.483054e+00 3.219231e+00 3.472673e+00 3.488508e+00 
1.047198e-01 3.273621e+00 3.483744e+00 3.220225e+00 3.473657e+00 3.490593e+00 
1.151917e-01 3.264538e+00 3.473872e+00 3.211917e+00 3.464380e+00 3.482212e+00 
1.256637e-01 3.249505e+00 3.452473e+00 3.193442e+00 3.443961e+00 3.462428e+00 
1.361357e-01 3.228304e+00 3.418945e+00 3.164270e+00 3.411829e+00 3.430628e+00 
1.466077e-01 3.201030e+00 3.373122e+00 3.124279e+00 3.367788e+00 3.386592e+00 
1.570796e-01 3.168128e+00 3.315318e+00 3.073796e+00 3.312062e+00 3.330544e+00 
1.675516e-01 3.130398e+00 3.246360e+00 3.013623e+00 3.245332e+00 3.263181e+00 
1.780236e-01 3.088949e+00 3.167588e+00 2.945029e+00 3.168742e+00 3.185687e+00 
1.884956e-01 3.045119e+00 3.080838e+00 2.869726e+00 3.083895e+00 3.099721e+00 
1.989675e-01 3.000370e+00 2.988398e+00 2.789814e+00 2.992830e+00 3.007387e+00 
2.094395e-01 2.956168e+00 2.892937e+00 2.707701e+00 2.897983e+00 2.911192e+00 
2.199115e-01 2.913862e+00 2.797425e+00 2.626015e+00 2.802132e+00 2.813983e+00 
2.303835e-01 2.874597e+00 2.705018e+00 2.547488e+00 2.708326e+00 2.718875e+00 
2.408554e-01 2.839247e+00 2.618936e+00 2.474843e+00 2.619794e+00 2.629152e+00 
2.513274e-01 2.808395e+00 2.542322e+00 2.410665e+00 2.539824e+00 2.548147e+00 
2.617994e-01 2.782352e+00 2.478082e+00 2.357284e+00 2.471608e+00 2.479087e+00 
2.722714e-01 2.761201e+00 2.428721e+00 2.316654e+00 2.418048e+00 2.424903e+00 
2.827433e-01 2.744867e+00 2.396189e+00 2.290258e+00 2.381543e+00 2.388013e+00 
2.932153e-01 2.733194e+00 2.381742e+00 2.279035e+00 2.363767e+00 2.370110e+00 
3.036873e-01 2.726006e+00 2.385863e+00 2.283341e+00 2.365510e+00 2.371995e+00 
3.141593e-01 2.723159e+00 2.408241e+00 2.302951e+00 2.386591e+00 2.393502e+00 
3.246312e-01 2.724566e+00 2.447828e+00 2.337099e+00 2.425893e+00 2.433521e+00 
3.351032e-01 2.730187e+00 2.502942e+00 2.384538e+00 2.481495e+00 2.490134e+00 
3.455752e-01 2.739997e+00 2.571399e+00 2.443618e+00 2.550872e+00 2.560812e+00 
3.560472e-01 2.753936e+00 2.650661e+00 2.512365e+00 2.631107e+00 2.642623e+00 
3.665191e-01 2.771846e+00 2.737955e+00 2.588560e+00 2.719090e+00 2.732430e+00 
3.769911e-01 2.793402e+00 2.830381e+00 2.669805e+00 2.811673e+00 2.827046e+00 
3.874631e-01 2.818067e+00 2.925003e+00 2.753592e+00 2.905783e+00 2.923343e+00 
3.979351e-01 2.845065e+00 3.018921e+00 2.837367e+00 2.998504e+00 3.018340e+00 
4.084070e-01 2.873386e+00 3.109345e+00 2.918600e+00 3.087136e+00 3.109256e+00 
4.188790e-01 2.901829e+00 3.193662e+00 2.994858e+00 3.169231e+00 3.193562e+00 
4.293510e-01 2.929066e+00 3.269498e+00 3.063882e+00 3.242635e+00 3.269015e+00 
4.398230e-01 2.953741e+00 3.334783e+00 3.123654e+00 3.305512e+00 3.333698e+00 
4.502949e-01 2.974563e+00 3.387801e+00 3.172471e+00 3.356376e+00 3.386051e+00 
4.607669e-01 2.990409e+00 3.427232e+00 3.208992e+00 3.394102e+00 3.424890e+00 
4.712389e-01 3.000401e+00 3.452180e+00 3.232283e+00 3.417941e+00 3.449427e+00 
4.817109e-01 3.003961e+00 3.462178e+00 3.241829e+00 3.427516e+00 3.459264e+00 
4.921828e-01 3.000829e+00 3.457184e+00 3.237541e+00 3.422812e+00 3.454388e+00 
5.026548e-01 2.991057e+00 3.437554e+00 3.219727e+00 3.404143e+00 3.435138e+00 
5.131268e-01 2.974962e+00 3.403995e+00 3.189053e+00 3.372126e+00 3.402170e+00 
5.235988e-01 2.953064e+00 3.357517e+00 3.146482e+00 3.327626e+00 3.356403e+00 
5.340708e-01 2.926015e+00 3.299358e+00 3.093209e+00 3.271710e+00 3.298967e+00 
5.445427e-01 2.894515e+00 3.230918e+00 3.030581e+00 3.205591e+00 3.231142e+00 
5.550147e-01 2.859245e+00 3.153679e+00 2.960023e+00 3.130574e+00 3.154300e+00 
5.654867e-01 2.820808e+00 3.069147e+00 2.882970e+00 3.048010e+00 3.069855e+00 
5.759587e-01 2.779692e+00 2.978786e+00 2.800805e+00 2.959252e+00 2.979212e+00 
5.864306e-01 2.736251e+00 2.883977e+00 2.714819e+00 2.865616e+00 2.883736e+00 
5.969026e-01 2.690706e+00 2.785989e+00 2.626181e+00 2.768364e+00 2.784723e+00 
6.073746e-01 2.643167e+00 2.685966e+00 2.535927e+00 2.668678e+00 2.683381e+00 
6.178466e-01 2.593664e+00 2.584919e+00 2.444958e+00 2.567656e+00 2.580826e+00 
6.283185e-01 2.542182e+00 2.483744e+00 2.354052e+00 2.466310e+00 2.478076e+00 
6.387905e-01 2.488707e+00 2.383230e+00 2.263882e+00 2.365565e+00 2.376057e+00 
6.492625e-01 2.433261e+00 2.284083e+00 2.175036e+00 2.266267e+00 2.275612e+00 
6.597345e-01 2.375930e+00 2.186942e+00 2.088038e+00 2.169192e+00 2.177509e+00 
6.702064e-01 2.316884e+00 2.092402e+00 2.003370e+00 2.075053e+00 2.082451e+00 
6.806784e-01 2.256387e+00 2.001023e+00 1.921484e+00 1.984512e+00 1.991088e+00 
6.911504e-01 2.194791e+00 1.913347e+00 1.842816e+00 1.898178e+00 1.904019e+00 
7.016224e-01 2.132529e+00 1.829897e+00 1.767792e+00 1.816613e+00 1.821801e+00 
7.120943e-01 2.070092e+00 1.751179e+00 1.696827e+00 1.740334e+00 1.744940e+00 
7.225663e-01 2.008011e+00 1.677678e+00 1.630325e+00 1.669798e+00 1.673892e+00 
7.330383e-01 1.946831e+00 1.609845e+00 1.568670e+00 1.605401e+00 1.609050e+00 
7.435103e-01 1.887086e+00 1.548087e+00 1.512211e+00 1.547456e+00 1.550730e+00 
7.539822e-01 1.829276e+00 1.492744e+00 1.461251e+00 1.496186e+00 1.499155e+00 
7.644542e-01 1.773849e+00 1.444071e+00 1.416029e+00 1.451702e+00 1.454440e+00 
7.749262e-01 1.721181e+00 1.402223e+00 1.376704e+00 1.413995e+00 1.416577e+00 
7.853982e-01 1.671567e+00 1.367232e+00 1.343339e+00 1.382927e+00 1.385430e+00 
7.958701e-01 1.625216e+00 1.339002e+00 1.315888e+00 1.358233e+00 1.360732e+00 
8.063421e-01 1.582241e+00 1.317300e+00 1.294193e+00 1.339528e+00 1.342092e+00 
8.168141e-01 1.542670e+00 1.301765e+00 1.277984e+00 1.326326e+00 1.329018e+00 
8.272861e-01 1.506449e+00 1.291919e+00 1.266883e+00 1.318058e+00 1.320932e+00 
8.377580e-01 1.473453e+00 1.287187e+00 1.260424e+00 1.314100e+00 1.317198e+00 
8.482300e-01 1.443499e+00 1.286924e+00 1.258068e+00 1.313799e+00 1.317150e+00 
8.587020e-01 1.416364e+00 1.290440e+00 1.259227e+00 1.316493e+00 1.320115e+00 
8.691740e-01 1.391795e+00 1.297024e+00 1.263282e+00 1.321531e+00 1.325432e+00 
8.796459e-01 1.369530e+00 1.305969e+00 1.269610e+00 1.328291e+00 1.332466e+00 
8.901179e-01 1.349305e+00 1.316592e+00 1.277601e+00 1.336189e+00 1.340626e+00 
9.005899e-01 1.330868e+00 1.328245e+00 1.286670e+00 1.344686e+00 1.349364e+00 
9.110619e-01 1.313988e+00 1.340332e+00 1.296275e+00 1.353292e+00 1.358184e+00 
9.215338e-01 1.298458e+00 1.352312e+00 1.305923e+00 1.361571e+00 1.366648e+00 
9.320058e-01 1.284100e+00 1.363709e+00 1.315177e+00 1.369141e+00 1.374368e+00 
9.424778e-01 1.270764e+00 1.374113e+00 1.323659e+00 1.375672e+00 1.381015e+00 
9.529498e-01 1.258330e+00 1.383180e+00 1.331056e+00 1.380892e+00 1.386315e+00 
9.634217e-01 1.246702e+00 1.390635e+00 1.337113e+00 1.384579e+00 1.390049e+00 
9.738937e-01 1.235806e+00 1.396266e+00 1.341637e+00 1.386566e+00 1.392051e+00 
9.843657e-01 1.225585e+00 1.399925e+00 1.344489e+00 1.386737e+00 1.392208e+00 
9.948377e-01 1.215997e+00 1.401520e+00 1.345585e+00 1.385025e+00 1.390455e+00 
1.005310e+00 1.207007e+00 1.401013e+00 1.344885e+00 1.381410e+00 1.386775e+00 
1.015782e+00 1.198586e+00 1.398413e+00 1.342394e+00 1.375915e+00 1.381197e+00 
1.026254e+00 1.190709e+00 1.393772e+00 1.338153e+00 1.368604e+00 1.373787e+00 
1.036726e+00 1.183351e+00 1.387175e+00 1.332232e+00 1.359577e+00 1.364648e+00 
1.047198e+00 1.176487e+00 1.378742e+00 1.324731e+00 1.348966e+00 1.353914e+00 
1.057670e+00 1.170094e+00 1.368616e+00 1.315770e+00 1.336928e+00 1.341746e+00 
1.068142e+00 1.164149e+00 1.356963e+00 1.305488e+00 1.323644e+00 1.328327e+00 
1.078613e+00 1.158630e+00 1.343963e+00 1.294039e+00 1.309312e+00 1.313856e+00 
1.089085e+00 1.153522e+00 1.329815e+00 1.281588e+00 1.294141e+00 1.298544e+00 
1.099557e+00 1.148814e+00 1.314722e+00 1.268309e+00 1.278350e+00 1.282612e+00 
1.110029e+00 1.144502e+00 1.298901e+00 1.254385e+00 1.262161e+00 1.266282e+00 
1.120501e+00 1.140592e+00 1.282571e+00 1.240003e+00 1.245797e+00 1.249778e+00 
1.130973e+00 1.137098e+00 1.265955e+00 1.225354e+00 1.229477e+00 1.233320e+00 
1.141445e+00 1.134043e+00 1.249276e+00 1.210631e+00 1.213415e+00 1.217123e+00 
1.151917e+00 1.131456e+00 1.232758e+00 1.196024e+00 1.197813e+00 1.201390e+00 
1.162389e+00 1.129374e+00 1.216617e+00 1.181720e+00 1.182864e+00 1.186317e+00 
1.172861e+00 1.127835e+00 1.201062e+00 1.167900e+00 1.168748e+00 1.172081e+00 
1.183333e+00 1.126877e+00 1.186292e+00 1.154734e+00 1.155623e+00 1.158846e+00 
1.193805e+00 1.126533e+00 1.172484e+00 1.142375e+00 1.143633e+00 1.146755e+00 
1.204277e+00 1.126830e+00 1.159796e+00 1.130958e+00 1.132896e+00 1.135928e+00 
1.214749e+00 1.127781e+00 1.148359e+00 1.120594e+00 1.123505e+00 1.126461e+00 
1.225221e+00 1.129385e+00 1.138269e+00 1.111364e+00 1.115525e+00 1.118419e+00 
1.235693e+00 1.131623e+00 1.129584e+00 1.103318e+00 1.108987e+00 1.111836e+00 
1.246165e+00 1.134457e+00 1.122325e+00 1.096469e+00 1.103890e+00 1.106710e+00 
1.256637e+00 1.137831e+00 1.116466e+00 1.090796e+00 1.100197e+00 1.103004e+00 
1.267109e+00 1.141671e+00 1.111939e+00 1.086239e+00 1.097834e+00 1.100646e+00 
1.277581e+00 1.145887e+00 1.108639e+00 1.082706e+00 1.096695e+00 1.099525e+00 
1.288053e+00 1.150374e+00 1.106419e+00 1.080075e+00 1.096640e+00 1.099502e+00 
1.298525e+00 1.155023e+00 1.105107e+00 1.078200e+00 1.097502e+00 1.100406e+00 
1.308997e+00 1.159714e+00 1.104508e+00 1.076915e+00 1.099094e+00 1.102048e+00 
1.319469e+00 1.164332e+00 1.104413e+00 1.076048e+00 1.101213e+00 1.104222e+00 
1.329941e+00 1.168761e+00 1.104611e+00 1.075421e+00 1.103650e+00 1.106714e+00 
1.340413e+00 1.172894e+00 1.104894e+00 1.074866e+00 1.106195e+00 1.109312e+00 
1.350885e+00 1.176633e+00 1.105070e+00 1.074223e+00 1.108649e+00 1.111813e+00 
1.361357e+00 1.179893e+00 1.104966e+00 1.073355e+00 1.110824e+00 1.114030e+00 
1.371829e+00 1.182601e+00 1.104438e+00 1.072143e+00 1.112559e+00 1.115795e+00 
1.382301e+00 1.184696e+00 1.103370e+00 1.070497e+00 1.113714e+00 1.116971e+00 
1.392773e+00 1.186133e+00 1.101680e+00 1.068356e+00 1.114182e+00 1.117449e+00 
1.403245e+00 1.186878e+00 1.099320e+00 1.065685e+00 1.113889e+00 1.117153e+00 
1.413717e+00 1.186909e+00 1.096274e+00 1.062478e+00 1.112792e+00 1.116043e+00 
1.424189e+00 1.186215e+00 1.092559e+00 1.058754e+00 1.110883e+00 1.114111e+00 
1.434661e+00 1.184792e+00 1.088223e+00 1.054559e+00 1.108188e+00 1.111384e+00 
1.445133e+00 1.182646e+00 1.083336e+00 1.049955e+00 1.104760e+00 1.107917e+00 
1.455605e+00 1.179789e+00 1.077994e+00 1.045026e+00 1.100679e+00 1.103792e+00 
1.466077e+00 1.176238e+00 1.072308e+00 1.039868e+00 1.096050e+00 1.099115e+00 
1.476549e+00 1.172015e+00 1.066406e+00 1.034587e+00 1.090993e+00 1.094008e+00 
1.487021e+00 1.167149e+00 1.060422e+00 1.029298e+00 1.085643e+00 1.088608e+00 
1.497492e+00 1.161670e+00 1.054497e+00 1.024117e+00 1.080141e+00 1.083059e+00 
1.507964e+00 1.155616e+00 1.048771e+00 1.019160e+00 1.074632e+00 1.077506e+00 
1.518436e+00 1.149025e+00 1.043382e+00 1.014542e+00 1.069257e+00 1.072092e+00 
1.528908e+00 1.141943e+00 1.038460e+00 1.010370e+00 1.064150e+00 1.066951e+00 
1.539380e+00 1.134415e+00 1.034123e+00 1.006741e+00 1.059430e+00 1.062204e+00 
1.549852e+00 1.126495e+00 1.030476e+00 1.003743e+00 1.055203e+00 1.057959e+00 
1.560324e+00 1.118233e+00 1.027607e+00 1.001447e+00 1.051556e+00 1.054301e+00 
1.570796e+00 1.109687e+00 1.025583e+00 9.999126e-01 1.048556e+00 1.051297e+00 
1.581268e+00 1.100910e+00 1.024455e+00 9.991793e-01 1.046249e+00 1.048994e+00 
1.591740e+00 1.091958e+00 1.024248e+00 9.992709e-01 1.044662e+00 1.047418e+00 
1.602212e+00 1.082884e+00 1.024970e+00 1.000193e+00 1.043804e+00 1.046575e+00 
1.612684e+00 1.073740e+00 1.026608e+00 1.001936e+00 1.043668e+00 1.046459e+00 
1.623156e+00 1.064573e+00 1.029130e+00 1.004473e+00 1.044233e+00 1.047046e+00 
1.633628e+00 1.055427e+00 1.032489e+00 1.007761e+00 1.045468e+00 1.048306e+00 
1.644100e+00 1.046340e+00 1.036624e+00 1.011749e+00 1.047336e+00 1.050199e+00 
1.654572e+00 1.037346e+00 1.041462e+00 1.016373e+00 1.049795e+00 1.052681e+00 
1.665044e+00 1.028477e+00 1.046924e+00 1.021560e+00 1.052800e+00 1.055708e+00 
1.675516e+00 1.019758e+00 1.052923e+00 1.027233e+00 1.056304e+00 1.059232e+00 
1.685988e+00 1.011213e+00 1.059372e+00 1.033313e+00 1.060262e+00 1.063207e+00 
1.696460e+00 1.002864e+00 1.066179e+00 1.039716e+00 1.064626e+00 1.067587e+00 
1.706932e+00 9.947304e-01 1.073256e+00 1.046361e+00 1.069350e+00 1.072323e+00 
1.717404e+00 9.868343e-01 1.080517e+00 1.053168e+00 1.074385e+00 1.077368e+00 
1.727876e+00 9.791983e-01 1.087876e+00 1.060060e+00 1.079680e+00 1.082672e+00 
1.738348e+00 9.718485e-01 1.095252e+00 1.066963e+00 1.085182e+00 1.088182e+00 
1.748820e+00 9.648147e-01 1.102570e+00 1.073808e+00 1.090834e+00 1.093839e+00 
1.759292e+00 9.581320e-01 1.109756e+00 1.080530e+00 1.096573e+00 1.099583e+00 
1.769764e+00 9.518415e-01 1.116742e+00 1.087069e+00 1.102335e+00 1.105347e+00 
1.780236e+00 9.459908e-01 1.123462e+00 1.093368e+00 1.108048e+00 1.111063e+00 
1.790708e+00 9.406342e-01 1.129857e+00 1.099378e+00 1.113643e+00 1.116658e+00 
1.801180e+00 9.358334e-01 1.135868e+00 1.105051e+00 1.119044e+00 1.122059e+00 
1.811652e+00 9.316568e-01 1.141444e+00 1.110344e+00 1.124181e+00 1.127191e+00 
1.822124e+00 9.281794e-01 1.146534e+00 1.115220e+00 1.128981e+00 1.131985e+00 
1.832596e+00 9.254820e-01 1.151092e+00 1.119644e+00 1.133380e+00 1.136372e+00 
1.843068e+00 9.236502e-01 1.155079e+00 1.123587e+00 1.137316e+00 1.140294e+00 
1.853540e+00 9.227735e-01 1.158459e+00 1.127025e+00 1.140741e+00 1.143697e+00 
1.864012e+00 9.229437e-01 1.161202e+00 1.129940e+00 1.143612e+00 1.146542e+00 
1.874484e+00 9.242542e-01 1.163289e+00 1.132323e+00 1.145902e+00 1.148798e+00 
1.884956e+00 9.267984e-01 1.164709e+00 1.134173e+00 1.147599e+00 1.150453e+00 
1.895428e+00 9.306689e-01 1.165467e+00 1.135503e+00 1.148708e+00 1.151510e+00 
1.905900e+00 9.359563e-01 1.165584e+00 1.136344e+00 1.149254e+00 1.151994e+00 
1.916372e+00 9.427496e-01 1.165105e+00 1.136744e+00 1.149285e+00 1.151954e+00 
1.926843e+00 9.511350e-01 1.164103e+00 1.136778e+00 1.148880e+00 1.151464e+00 
1.937315e+00 9.611970e-01 1.162684e+00 1.136553e+00 1.148145e+00 1.150632e+00 
1.947787e+00 9.730182e-01 1.160997e+00 1.136208e+00 1.147225e+00 1.149602e+00 
1.958259e+00 9.866801e-01 1.159237e+00 1.135926e+00 1.146306e+00 1.148562e+00 
1.968731e+00 1.002264e+00 1.157654e+00 1.135935e+00 1.145622e+00 1.147746e+00 
1.979203e+00 1.019852e+00 1.156558e+00 1.136510e+00 1.145457e+00 1.147439e+00 
1.989675e+00 1.039525e+00 1.156318e+00 1.137979e+00 1.146149e+00 1.147983e+00 
2.000147e+00 1.061367e+00 1.157366e+00 1.140716e+00 1.148089e+00 1.149776e+00 
2.010619e+00 1.085461e+00 1.160190e+00 1.145136e+00 1.151724e+00 1.153268e+00 
2.021091e+00 1.111890e+00 1.165320e+00 1.151689e+00 1.157539e+00 1.158955e+00 
2.031563e+00 1.140737e+00 1.173317e+00 1.160840e+00 1.166054e+00 1.167365e+00 
2.042035e+00 1.172082e+00 1.184740e+00 1.173051e+00 1.177801e+00 1.179039e+00 
2.052507e+00 1.206002e+00 1.200128e+00 1.188760e+00 1.193299e+00 1.194508e+00 
2.062979e+00 1.242568e+00 1.219961e+00 1.208357e+00 1.213029e+00 1.214263e+00 
2.073451e+00 1.281847e+00 1.244635e+00 1.232156e+00 1.237407e+00 1.238728e+00 
2.083923e+00 1.323896e+00 1.274433e+00 1.260384e+00 1.266754e+00 1.268233e+00 
2.094395e+00 1.368766e+00 1.309510e+00 1.293162e+00 1.301282e+00 1.302990e+00 
2.104867e+00 1.416494e+00 1.349885e+00 1.330502e+00 1.341076e+00 1.343086e+00 
2.115339e+00 1.467110e+00 1.395445e+00 1.372312e+00 1.386093e+00 1.388476e+00 
2.125811e+00 1.520625e+00 1.445962e+00 1.418405e+00 1.436171e+00 1.438992e+00 
2.136283e+00 1.577040e+00 1.501109e+00 1.468514e+00 1.491041e+00 1.494357e+00 
2.146755e+00 1.636335e+00 1.560490e+00 1.522316e+00 1.550348e+00 1.554208e+00 
2.157227e+00 1.698472e+00 1.623668e+00 1.579452e+00 1.613674e+00 1.618116e+00 
2.167699e+00 1.763387e+00 1.690186e+00 1.639548e+00 1.680563e+00 1.685617e+00 
2.178171e+00 1.830990e+00 1.759598e+00 1.702235e+00 1.750547e+00 1.756232e+00 
2.188643e+00 1.901157e+00 1.831481e+00 1.767162e+00 1.823161e+00 1.829490e+00 
2.199115e+00 1.973730e+00 1.905457e+00 1.834014e+00 1.897969e+00 1.904947e+00 
2.209587e+00 2.048509e+00 1.981195e+00 1.902515e+00 1.974571e+00 1.982201e+00 
2.220059e+00 2.125251e+00 2.058422e+00 1.972433e+00 2.052621e+00 2.060900e+00 
2.230531e+00 2.203669e+00 2.136921e+00 2.043580e+00 2.131826e+00 2.140752e+00 
2.241003e+00 2.283427e+00 2.216525e+00 2.115811e+00 2.211955e+00 2.221525e+00 
2.251475e+00 2.364148e+00 2.297113e+00 2.189012e+00 2.292830e+00 2.303049e+00 
2.261947e+00 2.445416e+00 2.378596e+00 2.263098e+00 2.374330e+00 2.385203e+00 
2.272419e+00 2.526783e+00 2.460911e+00 2.337998e+00 2.456371e+00 2.467914e+00 
2.282891e+00 2.607781e+00 2.544001e+00 2.413646e+00 2.538903e+00 2.551137e+00 
2.293363e+00 2.687938e+00 2.627803e+00 2.489969e+00 2.621888e+00 2.634843e+00 
2.303835e+00 2.766785e+00 2.712240e+00 2.566880e+00 2.705284e+00 2.719002e+00 
2.314307e+00 2.843878e+00 2.797199e+00 2.644261e+00 2.789029e+00 2.803557e+00 
2.324779e+00 2.918806e+00 2.882526e+00 2.721957e+00 2.873014e+00 2.888412e+00 
2.335251e+00 2.991201e+00 2.968005e+00 2.799765e+00 2.957073e+00 2.973405e+00 
2.345723e+00 3.060744e+00 3.053355e+00 2.877421e+00 3.040956e+00 3.058293e+00 
2.356194e+00 3.127166e+00 3.138210e+00 2.954591e+00 3.124322e+00 3.142735e+00 
2.366666e+00 3.190237e+00 3.222110e+00 3.030858e+00 3.206719e+00 3.226279e+00 
2.377138e+00 3.249762e+00 3.304495e+00 3.105714e+00 3.287587e+00 3.308356e+00 
2.387610e+00 3.305559e+00 3.384691e+00 3.178554e+00 3.366246e+00 3.388276e+00 
2.398082e+00 3.357446e+00 3.461919e+00 3.248669e+00 3.441910e+00 3.465234e+00 
2.408554e+00 3.405228e+00 3.535292e+00 3.315254e+00 3.513696e+00 3.538321e+00 
2.419026e+00 3.448679e+00 3.603834e+00 3.377418e+00 3.580643e+00 3.606546e+00 
2.429498e+00 3.487543e+00 3.666501e+00 3.434208e+00 3.641739e+00 3.668861e+00 
2.439970e+00 3.521536e+00 3.722221e+00 3.484635e+00 3.695957e+00 3.724199e+00 
2.450442e+00 3.550358e+00 3.769930e+00 3.527723e+00 3.742289e+00 3.771509e+00 
2.460914e+00 3.573713e+00 3.808625e+00 3.562549e+00 3.779793e+00 3.809807e+00 
2.471386e+00 3.591342e+00 3.837413e+00 3.588298e+00 3.807633e+00 3.838219e+00 
2.481858e+00 3.603049e+00 3.855567e+00 3.604310e+00 3.825126e+00 3.856030e+00 
2.492330e+00 3.608737e+00 3.862568e+00 3.610130e+00 3.831778e+00 3.862722e+00 
2.502802e+00 3.608429e+00 3.858147e+00 3.605539e+00 3.827318e+00 3.858013e+00 
2.513274e+00 3.602285e+00 3.842310e+00 3.590585e+00 3.811723e+00 3.841883e+00 
2.523746e+00 3.590604e+00 3.815353e+00 3.565591e+00 3.785236e+00 3.814587e+00 
2.534218e+00 3.573807e+00 3.777862e+00 3.531151e+00 3.748363e+00 3.776662e+00 
2.544690e+00 3.552417e+00 3.730698e+00 3.488111e+00 3.701876e+00 3.728916e+00 
2.555162e+00 3.527023e+00 3.674972e+00 3.437539e+00 3.646789e+00 3.672411e+00 
2.565634e+00 3.498238e+00 3.612002e+00 3.380685e+00 3.584337e+00 3.608434e+00 
2.576106e+00 3.466667e+00 3.543275e+00 3.318925e+00 3.515943e+00 3.538463e+00 
2.586578e+00 3.432870e+00 3.470391e+00 3.253722e+00 3.443181e+00 3.464124e+00 
2.597050e+00 3.397349e+00 3.395017e+00 3.186568e+00 3.367733e+00 3.387147e+00 
2.607522e+00 3.360538e+00 3.318838e+00 3.118941e+00 3.291347e+00 3.309323e+00 
2.617994e+00 3.322804e+00 3.243515e+00 3.052273e+00 3.215791e+00 3.232454e+00 
2.628466e+00 3.284471e+00 3.170645e+00 2.987913e+00 3.142800e+00 3.158301e+00 
2.638938e+00 3.245836e+00 3.101729e+00 2.927107e+00 3.074024e+00 3.088534e+00 
2.649410e+00 3.207191e+00 3.038138e+00 2.870975e+00 3.010970e+00 3.024675e+00 
2.659882e+00 3.168851e+00 2.981074e+00 2.820491e+00 2.954945e+00 2.968037e+00 
2.670354e+00 3.131160e+00 2.931539e+00 2.776458e+00 2.906993e+00 2.919667e+00 
2.680826e+00 3.094500e+00 2.890290e+00 2.739486e+00 2.867837e+00 2.880291e+00 
2.691298e+00 3.059279e+00 2.857797e+00 2.709956e+00 2.837841e+00 2.850268e+00 
2.701770e+00 3.025912e+00 2.834201e+00 2.687995e+00 2.816974e+00 2.829561e+00 
2.712242e+00 2.994792e+00 2.819292e+00 2.673453e+00 2.804810e+00 2.817734e+00 
2.722714e+00 2.966247e+00 2.812499e+00 2.665882e+00 2.800551e+00 2.813968e+00 
2.733186e+00 2.940510e+00 2.812904e+00 2.664551e+00 2.803070e+00 2.817116e+00 
2.743658e+00 2.917679e+00 2.819284e+00 2.668468e+00 2.810988e+00 2.825764e+00 
2.754130e+00 2.897700e+00 2.830184e+00 2.676424e+00 2.822752e+00 2.838324e+00 
2.764602e+00 2.880357e+00 2.843997e+00 2.687069e+00 2.836734e+00 2.853126e+00 
2.775074e+00 2.865292e+00 2.859065e+00 2.698981e+00 2.851320e+00 2.868510e+00 
2.785545e+00 2.852031e+00 2.873772e+00 2.710756e+00 2.864993e+00 2.882914e+00 
2.796017e+00 2.840033e+00 2.886639e+00 2.721087e+00 2.876404e+00 2.894950e+00 
2.806489e+00 2.828741e+00 2.896390e+00 2.728834e+00 2.884429e+00 2.903458e+00 
2.816961e+00 2.817635e+00 2.902014e+00 2.733077e+00 2.888202e+00 2.907548e+00 
2.827433e+00 2.806274e+00 2.902797e+00 2.733157e+00 2.887141e+00 2.906624e+00 
2.837905e+00 2.794323e+00 2.898335e+00 2.728688e+00 2.880944e+00 2.900382e+00 
2.848377e+00 2.781569e+00 2.888526e+00 2.719557e+00 2.869581e+00 2.888798e+00 
2.858849e+00 2.767910e+00 2.873545e+00 2.705902e+00 2.853263e+00 2.872103e+00 
2.869321e+00 2.753340e+00 2.853805e+00 2.688076e+00 2.832410e+00 2.850740e+00 
2.879793e+00 2.737919e+00 2.829906e+00 2.666601e+00 2.807602e+00 2.825320e+00 
2.890265e+00 2.721741e+00 2.802573e+00 2.642114e+00 2.779534e+00 2.796569e+00 
2.900737e+00 2.704903e+00 2.772605e+00 2.615316e+00 2.748967e+00 2.765281e+00 
2.911209e+00 2.687483e+00 2.740812e+00 2.586918e+00 2.716680e+00 2.732264e+00 
2.921681e+00 2.669521e+00 2.707969e+00 2.557595e+00 2.683431e+00 2.698301e+00 
2.932153e+00 2.651010e+00 2.674776e+00 2.527957e+00 2.649917e+00 2.664110e+00 
2.942625e+00 2.631900e+00 2.641827e+00 2.498517e+00 2.616746e+00 2.630318e+00 
2.953097e+00 2.612100e+00 2.609597e+00 2.469683e+00 2.584424e+00 2.597439e+00 
2.963569e+00 2.591497e+00 2.578432e+00 2.441752e+00 2.553331e+00 2.565863e+00 
2.974041e+00 2.569967e+00 2.548553e+00 2.414910e+00 2.523727e+00 2.535850e+00 
2.984513e+00 2.547390e+00 2.520064e+00 2.389246e+00 2.495748e+00 2.507537e+00 
2.994985e+00 2.523667e+00 2.492966e+00 2.364762e+00 2.469416e+00 2.480941e+00 
3.005457e+00 2.498729e+00 2.467176e+00 2.341386e+00 2.444653e+00 2.455979e+00 
3.015929e+00 2.472545e+00 2.442539e+00 2.318992e+00 2.421294e+00 2.432477e+00 
3.026401e+00 2.445126e+00 2.418852e+00 2.297408e+00 2.399107e+00 2.410196e+00 
3.036873e+00 2.416527e+00 2.395875e+00 2.276437e+00 2.377815e+00 2.388845e+00 
3.047345e+00 2.386838e+00 2.373354e+00 2.255864e+00 2.357110e+00 2.368109e+00 
3.057817e+00 2.356186e+00 2.351031e+00 2.235474e+00 2.336680e+00 2.347662e+00 
3.068289e+00 2.324726e+00 2.328658e+00 2.215059e+00 2.316218e+00 2.327187e+00 
3.078761e+00 2.292638e+00 2.306016e+00 2.194434e+00 2.295447e+00 2.306395e+00 
3.089233e+00 2.260121e+00 2.282918e+00 2.173440e+00 2.274127e+00 2.285039e+00 
3.099705e+00 2.227391e+00 2.259225e+00 2.151958e+00 2.252072e+00 2.262923e+00 
3.110177e+00 2.194677e+00 2.234851e+00 2.129915e+00 2.229156e+00 2.239914e+00 
3.120649e+00 2.162224e+00 2.209769e+00 2.107286e+00 2.205320e+00 2.215950e+00 
3.131121e+00 2.130287e+00 2.184013e+00 2.084100e+00 2.180576e+00 2.191040e+00 
3.141593e+00 2.099133e+00 2.157682e+00 2.060442e+00 2.155007e+00 2.165266e+00 
3.152065e+00 2.069035e+00 2.130931e+00 2.036444e+00 2.128763e+00 2.138781e+00 
3.162537e+00 2.040270e+00 2.103971e+00 2.012290e+00 2.102060e+00 2.111805e+00 
3.173009e+00 2.013110e+00 2.077061e+00 1.988201e+00 2.075168e+00 2.084613e+00 
3.183481e+00 1.987819e+00 2.050494e+00 1.964430e+00 2.048402e+00 2.057529e+00 
3.193953e+00 1.964638e+00 2.024591e+00 1.941253e+00 2.022115e+00 2.030913e+00 
3.204425e+00 1.943783e+00 1.999683e+00 1.918954e+00 1.996677e+00 2.005145e+00 
3.214896e+00 1.925432e+00 1.976100e+00 1.897815e+00 1.972469e+00 1.980613e+00 
3.225368e+00 1.909719e+00 1.954159e+00 1.878105e+00 1.949859e+00 1.957696e+00 
3.235840e+00 1.896733e+00 1.934148e+00 1.860071e+00 1.929199e+00 1.936752e+00 
3.246312e+00 1.886508e+00 1.916320e+00 1.843924e+00 1.910798e+00 1.918098e+00 
3.256784e+00 1.879033e+00 1.900880e+00 1.829837e+00 1.894921e+00 1.902004e+00 
3.267256e+00 1.874245e+00 1.887979e+00 1.817939e+00 1.881772e+00 1.888678e+00 
3.277728e+00 1.872040e+00 1.877711e+00 1.808309e+00 1.871488e+00 1.878259e+00 
3.288200e+00 1.872279e+00 1.870110e+00 1.800978e+00 1.864133e+00 1.870815e+00 
3.298672e+00 1.874791e+00 1.865154e+00 1.795928e+00 1.859699e+00 1.866336e+00 
3.309144e+00 1.879382e+00 1.862763e+00 1.793098e+00 1.858104e+00 1.864740e+00 
3.319616e+00 1.885845e+00 1.862806e+00 1.792384e+00 1.859199e+00 1.865876e+00 
3.330088e+00 1.893958e+00 1.865111e+00 1.793646e+00 1.862775e+00 1.869532e+00 
3.340560e+00 1.903500e+00 1.869463e+00 1.796714e+00 1.868569e+00 1.875441e+00 
3.351032e+00 1.914243e+00 1.875620e+00 1.801390e+00 1.876280e+00 1.883299e+00 
3.361504e+00 1.925966e+00 1.883318e+00 1.807461e+00 1.885575e+00 1.892767e+00 
3.371976e+00 1.938449e+00 1.892277e+00 1.814696e+00 1.896106e+00 1.903493e+00 
3.382448e+00 1.951480e+00 1.902211e+00 1.822862e+00 1.907516e+00 1.915114e+00 
3.392920e+00 1.964856e+00 1.912835e+00 1.831719e+00 1.919456e+00 1.927275e+00 
3.403392e+00 1.978384e+00 1.923872e+00 1.841037e+00 1.931588e+00 1.939634e+00 
3.413864e+00 1.991881e+00 1.935060e+00 1.850590e+00 1.943600e+00 1.951872e+00 
3.424336e+00 2.005181e+00 1.946155e+00 1.860172e+00 1.955212e+00 1.963703e+00 
3.434808e+00 2.018132e+00 1.956944e+00 1.869594e+00 1.966180e+00 1.974879e+00 
3.445280e+00 2.030601e+00 1.967240e+00 1.878691e+00 1.976302e+00 1.985194e+00 
3.455752e+00 2.042474e+00 1.976894e+00 1.887326e+00 1.985424e+00 1.994488e+00 
3.466224e+00 2.053660e+00 1.985792e+00 1.895391e+00 1.993437e+00 2.002650e+00 
3.476696e+00 2.064089e+00 1.993860e+00 1.902811e+00 2.000282e+00 2.009619e+00 
3.487168e+00 2.073713e+00 2.001060e+00 1.909544e+00 2.005946e+00 2.015380e+00 
3.497640e+00 2.082506e+00 2.007395e+00 1.915577e+00 2.010462e+00 2.019966e+00 
3.508112e+00 2.090463e+00 2.012900e+00 1.920932e+00 2.013903e+00 2.023450e+00 
3.518584e+00 2.097598e+00 2.017645e+00 1.925654e+00 2.016378e+00 2.025944e+00 
3.529056e+00 2.103939e+00 2.021725e+00 1.929814e+00 2.018029e+00 2.027590e+00 
3.539528e+00 2.109528e+00 2.025257e+00 1.933504e+00 2.019018e+00 2.028557e+00 
3.550000e+00 2.114415e+00 2.028375e+00 1.936829e+00 2.019529e+00 2.029029e+00 
3.560472e+00 2.118657e+00 2.031222e+00 1.939904e+00 2.019752e+00 2.029203e+00 
3.570944e+00 2.122313e+00 2.033944e+00 1.942847e+00 2.019882e+00 2.029276e+00 
3.581416e+00 2.125440e+00 2.036685e+00 1.945776e+00 2.020109e+00 2.029445e+00 
3.591888e+00 2.128092e+00 2.039581e+00 1.948800e+00 2.020613e+00 2.029891e+00 
3.602360e+00 2.130319e+00 2.042752e+00 1.952018e+00 2.021555e+00 2.030781e+00 
3.612832e+00 2.132160e+00 2.046299e+00 1.955513e+00 2.023074e+00 2.032258e+00 
3.623304e+00 2.133650e+00 2.050301e+00 1.959349e+00 2.025282e+00 2.034436e+00 
3.633776e+00 2.134811e+00 2.054810e+00 1.963568e+00 2.028260e+00 2.037399e+00 
3.644247e+00 2.135659e+00 2.059851e+00 1.968186e+00 2.032052e+00 2.041192e+00 
3.654719e+00 2.136198e+00 2.065416e+00 1.973196e+00 2.036667e+00 2.045827e+00 
3.665191e+00 2.136426e+00 2.071467e+00 1.978562e+00 2.042077e+00 2.051274e+00 
3.675663e+00 2.136329e+00 2.077934e+00 1.984224e+00 2.048215e+00 2.057468e+00 
3.686135e+00 2.135890e+00 2.084719e+00 1.990095e+00 2.054976e+00 2.064302e+00 
3.696607e+00 2.135079e+00 2.091691e+00 1.996063e+00 2.062221e+00 2.071636e+00 
3.707079e+00 2.133865e+00 2.098695e+00 2.001996e+00 2.069779e+00 2.079295e+00 
3.717551e+00 2.132206e+00 2.105553e+00 2.007738e+00 2.077447e+00 2.087077e+00 
3.728023e+00 2.130058e+00 2.112065e+00 2.013121e+00 2.085003e+00 2.094754e+00 
3.738495e+00 2.127372e+00 2.118017e+00 2.017961e+00 2.092202e+00 2.102078e+00 
3.748967e+00 2.124094e+00 2.123187e+00 2.022067e+00 2.098791e+00 2.108792e+00 
3.759439e+00 2.120171e+00 2.127346e+00 2.025246e+00 2.104509e+00 2.114630e+00 
3.769911e+00 2.115550e+00 2.130269e+00 2.027306e+00 2.109098e+00 2.119329e+00 
3.780383e+00 2.110176e+00 2.131740e+00 2.028063e+00 2.112309e+00 2.122637e+00 
3.790855e+00 2.104004e+00 2.131560e+00 2.027346e+00 2.113912e+00 2.124317e+00 
3.801327e+00 2.096990e+00 2.129549e+00 2.025005e+00 2.113699e+00 2.124159e+00 
3.811799e+00 2.089103e+00 2.125558e+00 2.020913e+00 2.111492e+00 2.121981e+00 
3.822271e+00 2.080320e+00 2.119470e+00 2.014972e+00 2.107152e+00 2.117640e+00 
3.832743e+00 2.070632e+00 2.111207e+00 2.007119e+00 2.100580e+00 2.111035e+00 
3.843215e+00 2.060042e+00 2.100733e+00 1.997326e+00 2.091721e+00 2.102111e+00 
3.853687e+00 2.048568e+00 2.088054e+00 1.985603e+00 2.080568e+00 2.090860e+00 
3.864159e+00 2.036242e+00 2.073224e+00 1.971999e+00 2.067163e+00 2.077323e+00 
3.874631e+00 2.023110e+00 2.056339e+00 1.956603e+00 2.051594e+00 2.061592e+00 
3.885103e+00 2.009229e+00 2.037539e+00 1.939540e+00 2.033996e+00 2.043803e+00 
3.895575e+00 1.994666e+00 2.017005e+00 1.920969e+00 2.014548e+00 2.024138e+00 
3.906047e+00 1.979499e+00 1.994952e+00 1.901081e+00 1.993464e+00 2.002817e+00 
3.916519e+00 1.963807e+00 1.971626e+00 1.880091e+00 1.970995e+00 1.980092e+00 
3.926991e+00 1.947674e+00 1.947298e+00 1.858238e+00 1.947414e+00 1.956243e+00 
3.937463e+00 1.931187e+00 1.922257e+00 1.835773e+00 1.923019e+00 1.931573e+00 
3.947935e+00 1.914428e+00 1.896804e+00 1.812957e+00 1.898116e+00 1.906392e+00 
3.958407e+00 1.897478e+00 1.871243e+00 1.790053e+00 1.873018e+00 1.881018e+00 
3.968879e+00 1.880413e+00 1.845874e+00 1.767322e+00 1.848035e+00 1.855765e+00 
3.979351e+00 1.863303e+00 1.820987e+00 1.745014e+00 1.823464e+00 1.830935e+00 
3.989823e+00 1.846211e+00 1.796856e+00 1.723362e+00 1.799585e+00 1.806812e+00 
4.000295e+00 1.829197e+00 1.773728e+00 1.702580e+00 1.776652e+00 1.783652e+00 
4.010767e+00 1.812310e+00 1.751821e+00 1.682853e+00 1.754887e+00 1.761681e+00 
4.021239e+00 1.795596e+00 1.731318e+00 1.664336e+00 1.734473e+00 1.741085e+00 
4.031711e+00 1.779091e+00 1.712359e+00 1.647150e+00 1.715552e+00 1.722006e+00 
4.042183e+00 1.762826e+00 1.695042e+00 1.631377e+00 1.698219e+00 1.704539e+00 
4.052655e+00 1.746825e+00 1.679416e+00 1.617059e+00 1.682518e+00 1.688731e+00 
4.063126e+00 1.731106e+00 1.665484e+00 1.604197e+00 1.668446e+00 1.674576e+00 
4.073598e+00 1.715676e+00 1.653198e+00 1.592752e+00 1.655950e+00 1.662021e+00 
4.084070e+00 1.700539e+00 1.642465e+00 1.582644e+00 1.644931e+00 1.650964e+00 
4.094542e+00 1.685688e+00 1.633150e+00 1.573757e+00 1.635246e+00 1.641261e+00 
4.105014e+00 1.671112e+00 1.625078e+00 1.565942e+00 1.626715e+00 1.632728e+00 
4.115486e+00 1.656791e+00 1.618042e+00 1.559026e+00 1.619130e+00 1.625152e+00 
4.125958e+00 1.642700e+00 1.611810e+00 1.552809e+00 1.612257e+00 1.618296e+00 
4.136430e+00 1.628809e+00 1.606135e+00 1.547081e+00 1.605848e+00 1.611908e+00 
4.146902e+00 1.615087e+00 1.600761e+00 1.541625e+00 1.599652e+00 1.605731e+00 
4.157374e+00 1.601499e+00 1.595432e+00 1.536222e+00 1.593417e+00 1.599510e+00 
4.167846e+00 1.588013e+00 1.589905e+00 1.530666e+00 1.586906e+00 1.593005e+00 
4.178318e+00 1.574600e+00 1.583953e+00 1.524762e+00 1.579901e+00 1.585992e+00 
4.188790e+00 1.561236e+00 1.577375e+00 1.518340e+00 1.572210e+00 1.578277e+00 
4.199262e+00 1.547905e+00 1.570002e+00 1.511256e+00 1.563675e+00 1.569700e+00 
4.209734e+00 1.534599e+00 1.561704e+00 1.503398e+00 1.554176e+00 1.560138e+00 
4.220206e+00 1.521320e+00 1.552388e+00 1.494691e+00 1.543632e+00 1.549511e+00 
4.230678e+00 1.508081e+00 1.542008e+00 1.485094e+00 1.532007e+00 1.537782e+00 
4.241150e+00 1.494903e+00 1.530558e+00 1.474605e+00 1.519309e+00 1.524961e+00 
4.251622e+00 1.481818e+00 1.518078e+00 1.463258e+00 1.505588e+00 1.511098e+00 
4.262094e+00 1.468865e+00 1.504648e+00 1.451122e+00 1.490937e+00 1.496289e+00 
4.272566e+00 1.456089e+00 1.490386e+00 1.438299e+00 1.475486e+00 1.480667e+00 
4.283038e+00 1.443540e+00 1.475442e+00 1.424918e+00 1.459399e+00 1.464398e+00 
4.293510e+00 1.431271e+00 1.459997e+00 1.411133e+00 1.442869e+00 1.447680e+00 
4.303982e+00 1.419334e+00 1.444253e+00 1.397115e+00 1.426112e+00 1.430732e+00 
4.314454e+00 1.407781e+00 1.428430e+00 1.383049e+00 1.409362e+00 1.413792e+00 
4.324926e+00 1.396663e+00 1.412756e+00 1.369129e+00 1.392860e+00 1.397105e+00 
4.335398e+00 1.386024e+00 1.397462e+00 1.355549e+00 1.376852e+00 1.380920e+00 
4.345870e+00 1.375909e+00 1.382775e+00 1.342498e+00 1.361578e+00 1.365481e+00 
4.356342e+00 1.366354e+00 1.368910e+00 1.330158e+00 1.347266e+00 1.351018e+00 
4.366814e+00 1.357393e+00 1.356066e+00 1.318692e+00 1.334123e+00 1.337744e+00 
4.377286e+00 1.349053e+00 1.344413e+00 1.308246e+00 1.322332e+00 1.325842e+00 
4.387758e+00 1.341356e+00 1.334096e+00 1.298937e+00 1.312043e+00 1.315465e+00 
4.398230e+00 1.334319e+00 1.325221e+00 1.290855e+00 1.303367e+00 1.306726e+00 
4.408702e+00 1.327951e+00 1.317857e+00 1.284058e+00 1.296375e+00 1.299696e+00 
4.419174e+00 1.322256e+00 1.312031e+00 1.278569e+00 1.291095e+00 1.294402e+00 
4.429646e+00 1.317229e+00 1.307728e+00 1.274374e+00 1.287507e+00 1.290825e+00 
4.440118e+00 1.312856e+00 1.304889e+00 1.271425e+00 1.285548e+00 1.288902e+00 
4.450590e+00 1.309117e+00 1.303417e+00 1.269641e+00 1.285113e+00 1.288522e+00 
4.461062e+00 1.305979e+00 1.303174e+00 1.268906e+00 1.286056e+00 1.289541e+00 
4.471534e+00 1.303404e+00 1.303994e+00 1.269081e+00 1.288199e+00 1.291774e+00 
4.482006e+00 1.301344e+00 1.305681e+00 1.270001e+00 1.291337e+00 1.295014e+00 
4.492477e+00 1.299742e+00 1.308021e+00 1.271485e+00 1.295244e+00 1.299030e+00 
4.502949e+00 1.298539e+00 1.310787e+00 1.273341e+00 1.299679e+00 1.303577e+00 
4.513421e+00 1.297670e+00 1.313749e+00 1.275372e+00 1.304398e+00 1.308406e+00 
4.523893e+00 1.297070e+00 1.316680e+00 1.277386e+00 1.309161e+00 1.313274e+00 
4.534365e+00 1.296676e+00 1.319362e+00 1.279199e+00 1.313736e+00 1.317943e+00 
4.544837e+00 1.296429e+00 1.321597e+00 1.280641e+00 1.317909e+00 1.322196e+00 
4.555309e+00 1.296277e+00 1.323212e+00 1.281565e+00 1.321489e+00 1.325841e+00 
4.565781e+00 1.296179e+00 1.324062e+00 1.281849e+00 1.324316e+00 1.328712e+00 
4.576253e+00 1.296102e+00 1.324037e+00 1.281401e+00 1.326259e+00 1.330680e+00 
4.586725e+00 1.296027e+00 1.323064e+00 1.280162e+00 1.327228e+00 1.331652e+00 
4.597197e+00 1.295945e+00 1.321108e+00 1.278105e+00 1.327168e+00 1.331574e+00 
4.607669e+00 1.295862e+00 1.318174e+00 1.275239e+00 1.326064e+00 1.330432e+00 
4.618141e+00 1.295792e+00 1.314308e+00 1.271605e+00 1.323941e+00 1.328253e+00 
4.628613e+00 1.295758e+00 1.309590e+00 1.267280e+00 1.320862e+00 1.325101e+00 
4.639085e+00 1.295793e+00 1.304138e+00 1.262366e+00 1.316925e+00 1.321077e+00 
4.649557e+00 1.295933e+00 1.298097e+00 1.256993e+00 1.312259e+00 1.316314e+00 
4.660029e+00 1.296217e+00 1.291642e+00 1.251315e+00 1.307023e+00 1.310972e+00 
4.670501e+00 1.296686e+00 1.284967e+00 1.245500e+00 1.301397e+00 1.305236e+00 
4.680973e+00 1.297378e+00 1.278282e+00 1.239733e+00 1.295580e+00 1.299309e+00 
4.691445e+00 1.298332e+00 1.271809e+00 1.234203e+00 1.289782e+00 1.293403e+00 
4.701917e+00 1.299580e+00 1.265770e+00 1.229104e+00 1.284220e+00 1.287739e+00 
4.712389e+00 1.301154e+00 1.260388e+00 1.224626e+00 1.279108e+00 1.282533e+00 
4.722861e+00 1.303080e+00 1.255876e+00 1.220951e+00 1.274654e+00 1.277996e+00 
4.733333e+00 1.305377e+00 1.252433e+00 1.218250e+00 1.271053e+00 1.274327e+00 
4.743805e+00 1.308065e+00 1.250238e+00 1.216675e+00 1.268481e+00 1.271702e+00 
4.754277e+00 1.311155e+00 1.249445e+00 1.216358e+00 1.267089e+00 1.270275e+00 
4.764749e+00 1.314657e+00 1.250180e+00 1.217404e+00 1.267000e+00 1.270172e+00 
4.775221e+00 1.318574e+00 1.252533e+00 1.219892e+00 1.268304e+00 1.271482e+00 
4.785693e+00 1.322905e+00 1.256561e+00 1.223869e+00 1.271058e+00 1.274262e+00 
4.796165e+00 1.327645e+00 1.262280e+00 1.229348e+00 1.275279e+00 1.278532e+00 
4.806637e+00 1.332781e+00 1.269669e+00 1.236310e+00 1.280950e+00 1.284274e+00 
4.817109e+00 1.338294e+00 1.278667e+00 1.244704e+00 1.288017e+00 1.291431e+00 
4.827581e+00 1.344159e+00 1.289177e+00 1.254442e+00 1.296392e+00 1.299915e+00 
4.838053e+00 1.350342e+00 1.301066e+00 1.265410e+00 1.305955e+00 1.309605e+00 
4.848525e+00 1.356801e+00 1.314169e+00 1.277463e+00 1.316561e+00 1.320351e+00 
4.858997e+00 1.363491e+00 1.328297e+00 1.290434e+00 1.328041e+00 1.331982e+00 
4.869469e+00 1.370356e+00 1.343238e+00 1.304137e+00 1.340210e+00 1.344310e+00 
4.879941e+00 1.377340e+00 1.358764e+00 1.318371e+00 1.352873e+00 1.357134e+00 
4.890413e+00 1.384384e+00 1.374640e+00 1.332927e+00 1.365828e+00 1.370249e+00 
4.900885e+00 1.391429e+00 1.390630e+00 1.347593e+00 1.378876e+00 1.383453e+00 
4.911357e+00 1.398421e+00 1.406500e+00 1.362165e+00 1.391826e+00 1.396549e+00 
4.921828e+00 1.405312e+00 1.422031e+00 1.376445e+00 1.404499e+00 1.409356e+00 
4.932300e+00 1.412064e+00 1.437021e+00 1.390253e+00 1.416738e+00 1.421713e+00 
4.942772e+00 1.418651e+00 1.451293e+00 1.403430e+00 1.428406e+00 1.433480e+00 
4.953244e+00 1.425060e+00 1.464697e+00 1.415843e+00 1.439397e+00 1.444550e+00 
4.963716e+00 1.431295e+00 1.477118e+00 1.427390e+00 1.449634e+00 1.454845e+00 
4.974188e+00 1.437375e+00 1.488478e+00 1.437999e+00 1.459075e+00 1.464322e+00 
4.984660e+00 1.443335e+00 1.498734e+00 1.447632e+00 1.467711e+00 1.472974e+00 
4.995132e+00 1.449223e+00 1.507885e+00 1.456289e+00 1.475571e+00 1.480830e+00 
5.005604e+00 1.455103e+00 1.515968e+00 1.463999e+00 1.482713e+00 1.487953e+00 
5.016076e+00 1.461047e+00 1.523055e+00 1.470828e+00 1.489233e+00 1.494438e+00 
5.026548e+00 1.467137e+00 1.529254e+00 1.476870e+00 1.495253e+00 1.500413e+00 
5.037020e+00 1.473460e+00 1.534704e+00 1.482246e+00 1.500920e+00 1.506029e+00 
5.047492e+00 1.480107e+00 1.539572e+00 1.487102e+00 1.506407e+00 1.511462e+00 
5.057964e+00 1.487171e+00 1.544045e+00 1.491602e+00 1.511900e+00 1.516902e+00 
5.068436e+00 1.494742e+00 1.548328e+00 1.495925e+00 1.517598e+00 1.522553e+00 
5.078908e+00 1.502910e+00 1.552640e+00 1.500261e+00 1.523705e+00 1.528623e+00 
5.089380e+00 1.511761e+00 1.557201e+00 1.504802e+00 1.530427e+00 1.535320e+00 
5.099852e+00 1.521378e+00 1.562235e+00 1.509743e+00 1.537961e+00 1.542846e+00 
5.110324e+00 1.531839e+00 1.567959e+00 1.515274e+00 1.546493e+00 1.551390e+00 
5.120796e+00 1.543217e+00 1.574576e+00 1.521573e+00 1.556191e+00 1.561123e+00 
5.131268e+00 1.555581e+00 1.582275e+00 1.528806e+00 1.567201e+00 1.572191e+00 
5.141740e+00 1.568993e+00 1.591220e+00 1.537118e+00 1.579637e+00 1.584714e+00 
5.152212e+00 1.583506e+00 1.601548e+00 1.546631e+00 1.593583e+00 1.598774e+00 
5.162684e+00 1.599168e+00 1.613363e+00 1.557441e+00 1.609085e+00 1.614420e+00 
5.173156e+00 1.616014e+00 1.626734e+00 1.569613e+00 1.626151e+00 1.631659e+00 
5.183628e+00 1.634065e+00 1.641691e+00 1.583178e+00 1.644746e+00 1.650457e+00 
5.194100e+00 1.653328e+00 1.658223e+00 1.598131e+00 1.664796e+00 1.670737e+00 
5.204572e+00 1.673792e+00 1.676276e+00 1.614432e+00 1.686186e+00 1.692382e+00 
5.215044e+00 1.695423e+00 1.695759e+00 1.632006e+00 1.708761e+00 1.715236e+00 
5.225516e+00 1.718169e+00 1.716539e+00 1.650741e+00 1.732333e+00 1.739106e+00 
5.235988e+00 1.741952e+00 1.738448e+00 1.670496e+00 1.756685e+00 1.763770e+00 
5.246460e+00 1.766670e+00 1.761291e+00 1.691100e+00 1.781575e+00 1.788980e+00 
5.256932e+00 1.792201e+00 1.784846e+00 1.712362e+00 1.806745e+00 1.814473e+00 
5.267404e+00 1.818404e+00 1.808876e+00 1.734075e+00 1.831929e+00 1.839976e+00 
5.277876e+00 1.845118e+00 1.833135e+00 1.756022e+00 1.856859e+00 1.865213e+00 
5.288348e+00 1.872175e+00 1.857378e+00 1.777987e+00 1.881279e+00 1.889922e+00 
5.298820e+00 1.899396e+00 1.881369e+00 1.799759e+00 1.904947e+00 1.913855e+00 
5.309292e+00 1.926603e+00 1.904888e+00 1.821145e+00 1.927649e+00 1.936791e+00 
5.319764e+00 1.953622e+00 1.927739e+00 1.841969e+00 1.949201e+00 1.958543e+00 
5.330236e+00 1.980287e+00 1.949760e+00 1.862087e+00 1.969460e+00 1.978962e+00 
5.340708e+00 2.006448e+00 1.970823e+00 1.881383e+00 1.988326e+00 1.997948e+00 
5.351179e+00 2.031967e+00 1.990839e+00 1.899780e+00 2.005745e+00 2.015445e+00 
5.361651e+00 2.056726e+00 2.009762e+00 1.917235e+00 2.021711e+00 2.031451e+00 
5.372123e+00 2.080626e+00 2.027586e+00 1.933744e+00 2.036266e+00 2.046008e+00 
5.382595e+00 2.103584e+00 2.044347e+00 1.949336e+00 2.049498e+00 2.059210e+00 
5.393067e+00 2.125531e+00 2.060117e+00 1.964075e+00 2.061536e+00 2.071191e+00 
5.403539e+00 2.146414e+00 2.074998e+00 1.978049e+00 2.072546e+00 2.082124e+00 
5.414011e+00 2.166189e+00 2.089123e+00 1.991374e+00 2.082724e+00 2.092211e+00 
5.424483e+00 2.184820e+00 2.102643e+00 2.004178e+00 2.092288e+00 2.101678e+00 
5.434955e+00 2.202280e+00 2.115724e+00 2.016605e+00 2.101470e+00 2.110766e+00 
5.445427e+00 2.218543e+00 2.128537e+00 2.028801e+00 2.110509e+00 2.119720e+00 
5.455899e+00 2.233589e+00 2.141255e+00 2.040911e+00 2.119639e+00 2.128782e+00 
5.466371e+00 2.247406e+00 2.154042e+00 2.053073e+00 2.129083e+00 2.138182e+00 
5.476843e+00 2.259983e+00 2.167047e+00 2.065411e+00 2.139042e+00 2.148126e+00 
5.487315e+00 2.271319e+00 2.180400e+00 2.078032e+00 2.149689e+00 2.158793e+00 
5.497787e+00 2.281421e+00 2.194201e+00 2.091016e+00 2.161158e+00 2.170322e+00 
5.508259e+00 2.290303e+00 2.208517e+00 2.104415e+00 2.173541e+00 2.182806e+00 
5.518731e+00 2.297988e+00 2.223374e+00 2.118246e+00 2.186876e+00 2.196288e+00 
5.529203e+00 2.304507e+00 2.238751e+00 2.132487e+00 2.201148e+00 2.210752e+00 
5.539675e+00 2.309895e+00 2.254580e+00 2.147070e+00 2.216281e+00 2.226121e+00 
5.550147e+00 2.314186e+00 2.270735e+00 2.161881e+00 2.232137e+00 2.242257e+00 
5.560619e+00 2.317413e+00 2.287034e+00 2.176755e+00 2.248513e+00 2.258953e+00 
5.571091e+00 2.319598e+00 2.303236e+00 2.191478e+00 2.265148e+00 2.275943e+00 
5.581563e+00 2.320750e+00 2.319044e+00 2.205783e+00 2.281721e+00 2.292897e+00 
5.592035e+00 2.320859e+00 2.334109e+00 2.219359e+00 2.297858e+00 2.309434e+00 
5.602507e+00 2.319892e+00 2.348035e+00 2.231850e+00 2.313144e+00 2.325127e+00 
5.612979e+00 2.317796e+00 2.360394e+00 2.242874e+00 2.327132e+00 2.339515e+00 
5.623451e+00 2.314497e+00 2.370734e+00 2.252026e+00 2.339353e+00 2.352118e+00 
5.633923e+00 2.309905e+00 2.378599e+00 2.258898e+00 2.349337e+00 2.362449e+00 
5.644395e+00 2.303922e+00 2.383544e+00 2.263092e+00 2.356626e+00 2.370034e+00 
5.654867e+00 2.296451e+00 2.385159e+00 2.264242e+00 2.360791e+00 2.374431e+00 
5.665339e+00 2.287409e+00 2.383082e+00 2.262028e+00 2.361450e+00 2.375245e+00 
5.675811e+00 2.276736e+00 2.377022e+00 2.256195e+00 2.358284e+00 2.372145e+00 
5.686283e+00 2.264409e+00 2.366770e+00 2.246567e+00 2.351055e+00 2.364883e+00 
5.696755e+00 2.250449e+00 2.352220e+00 2.233062e+00 2.339609e+00 2.353304e+00 
5.707227e+00 2.234931e+00 2.333367e+00 2.215696e+00 2.323896e+00 2.337354e+00 
5.717699e+00 2.217979e+00 2.310322e+00 2.194586e+00 2.303966e+00 2.317087e+00 
5.728171e+00 2.199772e+00 2.283305e+00 2.169954e+00 2.279977e+00 2.292668e+00 
5.738643e+00 2.180534e+00 2.252642e+00 2.142119e+00 2.252187e+00 2.264367e+00 
5.749115e+00 2.160525e+00 2.218758e+00 2.111486e+00 2.220955e+00 2.232554e+00 
5.759587e+00 2.140030e+00 2.182162e+00 2.078535e+00 2.186725e+00 2.197690e+00 
5.770059e+00 2.119348e+00 2.143434e+00 2.043807e+00 2.150020e+00 2.160314e+00 
5.780530e+00 2.098773e+00 2.103208e+00 2.007884e+00 2.111427e+00 2.121030e+00 
5.791002e+00 2.078594e+00 2.062154e+00 1.971378e+00 2.071586e+00 2.080493e+00 
5.801474e+00 2.059072e+00 2.020962e+00 1.934910e+00 2.031170e+00 2.039393e+00 
5.811946e+00 2.040448e+00 1.980330e+00 1.899100e+00 1.990879e+00 1.998442e+00 
5.822418e+00 2.022931e+00 1.940943e+00 1.864551e+00 1.951424e+00 1.958361e+00 
5.832890e+00 2.006702e+00 1.903471e+00 1.831845e+00 1.913513e+00 1.919869e+00 
5.843362e+00 1.991922e+00 1.868553e+00 1.801532e+00 1.877846e+00 1.883671e+00 
5.853834e+00 1.978731e+00 1.836796e+00 1.774126e+00 1.845099e+00 1.850451e+00 
5.864306e+00 1.967264e+00 1.808767e+00 1.750104e+00 1.815922e+00 1.820859e+00 
5.874778e+00 1.957654e+00 1.784992e+00 1.729903e+00 1.790924e+00 1.795510e+00 
5.885250e+00 1.950044e+00 1.765949e+00 1.713919e+00 1.770666e+00 1.774966e+00 
5.895722e+00 1.944592e+00 1.752069e+00 1.702505e+00 1.755652e+00 1.759734e+00 
5.906194e+00 1.941474e+00 1.743725e+00 1.695967e+00 1.746320e+00 1.750252e+00 
5.916666e+00 1.940888e+00 1.741233e+00 1.694562e+00 1.743027e+00 1.746882e+00 
5.927138e+00 1.943049e+00 1.744839e+00 1.698492e+00 1.746042e+00 1.749894e+00 
5.937610e+00 1.948185e+00 1.754715e+00 1.707895e+00 1.755536e+00 1.759461e+00 
5.948082e+00 1.956523e+00 1.770943e+00 1.722838e+00 1.771569e+00 1.775644e+00 
5.958554e+00 1.968281e+00 1.793514e+00 1.743308e+00 1.794087e+00 1.798390e+00 
5.969026e+00 1.983648e+00 1.822315e+00 1.769206e+00 1.822919e+00 1.827526e+00 
5.979498e+00 2.002771e+00 1.857121e+00 1.800336e+00 1.857773e+00 1.862756e+00 
5.989970e+00 2.025738e+00 1.897599e+00 1.836407e+00 1.898242e+00 1.903668e+00 
6.000442e+00 2.052564e+00 1.943304e+00 1.877027e+00 1.943814e+00 1.949739e+00 
6.010914e+00 2.083184e+00 1.993685e+00 1.921712e+00 1.993880e+00 2.000349e+00 
6.021386e+00 2.117448e+00 2.048099e+00 1.969892e+00 2.047752e+00 2.054794e+00 
6.031858e+00 2.155119e+00 2.105826e+00 2.020926e+00 2.104683e+00 2.112308e+00 
6.042330e+00 2.195885e+00 2.166087e+00 2.074121e+00 2.163884e+00 2.172083e+00 
6.052802e+00 2.239369e+00 2.228071e+00 2.128750e+00 2.224550e+00 2.233292e+00 
6.063274e+00 2.285146e+00 2.290957e+00 2.184081e+00 2.285888e+00 2.295118e+00 
6.073746e+00 2.332761e+00 2.353950e+00 2.239404e+00 2.347133e+00 2.356779e+00 
6.084218e+00 2.381753e+00 2.416299e+00 2.294049e+00 2.407580e+00 2.417550e+00 
6.094690e+00 2.431668e+00 2.477329e+00 2.347421e+00 2.466604e+00 2.476791e+00 
6.105162e+00 2.482080e+00 2.536461e+00 2.399010e+00 2.523676e+00 2.533963e+00 
6.115634e+00 2.532598e+00 2.593231e+00 2.448416e+00 2.578383e+00 2.588648e+00 
6.126106e+00 2.582874e+00 2.647300e+00 2.495351e+00 2.630437e+00 2.640559e+00 
6.136578e+00 2.632602e+00 2.698463e+00 2.539652e+00 2.679679e+00 2.689546e+00 
6.147050e+00 2.681513e+00 2.746649e+00 2.581274e+00 2.726081e+00 2.735592e+00 
6.157522e+00 2.729368e+00 2.791911e+00 2.620284e+00 2.769742e+00 2.778813e+00 
6.167994e+00 2.775951e+00 2.834421e+00 2.656851e+00 2.810871e+00 2.819441e+00 
6.178466e+00 2.821057e+00 2.874445e+00 2.691225e+00 2.849777e+00 2.857808e+00 
6.188938e+00 2.864494e+00 2.912334e+00 2.723728e+00 2.886847e+00 2.894329e+00 
6.199410e+00 2.906079e+00 2.948492e+00 2.754724e+00 2.922521e+00 2.929470e+00 
6.209881e+00 2.945642e+00 2.983360e+00 2.784605e+00 2.957268e+00 2.963726e+00 
6.220353e+00 2.983039e+00 3.017387e+00 2.813770e+00 2.991558e+00 2.997592e+00 
6.230825e+00 3.018161e+00 3.051011e+00 2.842606e+00 3.025830e+00 3.031533e+00 
6.241297e+00 3.050944e+00 3.084631e+00 2.871464e+00 3.060469e+00 3.065953e+00 
6.251769e+00 3.081377e+00 3.118587e+00 2.900647e+00 3.095771e+00 3.101170e+00 
6.262241e+00 3.109505e+00 3.153129e+00 2.930381e+00 3.131920e+00 3.137384e+00 
6.272713e+00 3.135420e+00 3.188392e+00 2.960796e+00 3.168962e+00 3.174654e+00 
