0.000000e+00 -1.036114e-06 -1.016290e-06
3.141593e-02 -1.594396e-06 -1.353240e-06
6.283185e-02 -2.610839e-06 -1.716100e-06
9.424778e-02 -2.468681e-06 -2.073618e-06
1.256637e-01 -1.870134e-06 -2.369915e-06
1.570796e-01 -3.131455e-06 -2.540989e-06
1.884956e-01 -2.294633e-06 -2.546449e-06
2.199115e-01 -1.971287e-06 -2.393182e-06
2.513274e-01 -1.709914e-06 -2.131285e-06
2.827433e-01 -1.528005e-06 -1.829861e-06
3.141593e-01 -1.493906e-06 -1.554419e-06
3.455752e-01 -1.455540e-06 -1.356090e-06
3.769911e-01 -1.538827e-06 -1.267927e-06
4.084070e-01 -1.534690e-06 -1.300542e-06
4.398230e-01 -1.516087e-06 -1.436064e-06
4.712389e-01 -1.537069e-06 -1.627806e-06
5.026548e-01 -1.288130e-06 -1.813528e-06
5.340708e-01 -1.408595e-06 -1.938476e-06
5.654867e-01 -1.562541e-06 -1.973246e-06
5.969026e-01 -1.580036e-06 -1.916261e-06
6.283185e-01 -1.584554e-06 -1.784661e-06
6.597345e-01 -1.535007e-06 -1.603463e-06
6.911504e-01 -1.403816e-06 -1.398737e-06
7.225663e-01 -1.194942e-06 -1.194781e-06
7.539822e-01 -9.826734e-07 -1.012955e-06
7.853982e-01 -8.489818e-07 -8.702390e-07
8.168141e-01 -7.238123e-07 -7.770694e-07
8.482300e-01 -6.397117e-07 -7.353703e-07
8.796459e-01 -5.902499e-07 -7.382205e-07
9.110619e-01 -4.650119e-07 -7.719105e-07
9.424778e-01 -7.885549e-07 -8.198303e-07
9.738937e-01 -9.531949e-07 -8.667186e-07
1.005310e+00 -1.206706e-06 -9.018541e-07
1.036726e+00 -1.304631e-06 -9.204959e-07
1.068142e+00 -1.049807e-06 -9.236536e-07
1.099557e+00 -9.825465e-07 -9.166891e-07
1.130973e+00 -9.607018e-07 -9.073114e-07
1.162389e+00 -9.482243e-07 -9.034041e-07
1.193805e+00 -9.414312e-07 -9.110336e-07
1.225221e+00 -9.614276e-07 -9.329740e-07
1.256637e+00 -1.010299e-06 -9.680687e-07
1.288053e+00 -1.075993e-06 -1.011611e-06
1.319469e+00 -1.141987e-06 -1.056638e-06
1.350885e+00 -1.201687e-06 -1.095726e-06
1.382301e+00 -1.241144e-06 -1.122756e-06
1.413717e+00 -1.240433e-06 -1.134152e-06
1.445133e+00 -1.217842e-06 -1.129388e-06
1.476549e+00 -1.171864e-06 -1.110775e-06
1.507964e+00 -1.108086e-06 -1.082749e-06
1.539380e+00 -1.043756e-06 -1.050910e-06
1.570796e+00 -1.028428e-06 -1.021019e-06
1.602212e+00 -9.709840e-07 -9.980650e-07
1.633628e+00 -9.681437e-07 -9.855120e-07
1.665044e+00 -9.844867e-07 -9.848138e-07
1.696460e+00 -1.004299e-06 -9.952944e-07
1.727876e+00 -1.038009e-06 -1.014431e-06
1.759292e+00 -1.126101e-06 -1.038476e-06
1.790708e+00 -1.225418e-06 -1.063260e-06
1.822124e+00 -1.438238e-06 -1.085002e-06
1.853540e+00 -1.239128e-06 -1.101022e-06
1.884956e+00 -1.300915e-06 -1.110294e-06
1.916372e+00 -1.412421e-06 -1.113873e-06
1.947787e+00 -1.238846e-06 -1.115174e-06
1.979203e+00 -1.132654e-06 -1.120032e-06
2.010619e+00 -1.119155e-06 -1.136384e-06
2.042035e+00 -1.126856e-06 -1.173448e-06
2.073451e+00 -1.163562e-06 -1.240368e-06
2.104867e+00 -1.290689e-06 -1.344525e-06
2.136283e+00 -1.415494e-06 -1.489876e-06
2.167699e+00 -1.632510e-06 -1.675686e-06
2.199115e+00 -1.659507e-06 -1.895970e-06
2.230531e+00 -1.908726e-06 -2.139740e-06
2.261947e+00 -1.581356e-06 -2.391894e-06
2.293363e+00 -1.824175e-06 -2.634203e-06
2.324779e+00 -1.993617e-06 -2.845710e-06
2.356194e+00 -2.061040e-06 -3.002386e-06
2.387610e+00 -2.047046e-06 -3.077237e-06
2.419026e+00 -1.965729e-06 -3.043520e-06
2.450442e+00 -1.877868e-06 -2.883551e-06
2.481858e+00 -1.799460e-06 -2.601631e-06
2.513274e+00 -1.722720e-06 -2.232873e-06
2.544690e+00 -1.620715e-06 -1.837478e-06
2.576106e+00 -1.443935e-06 -1.479493e-06
2.607522e+00 -1.164548e-06 -1.202934e-06
2.638938e+00 -1.019711e-06 -1.019693e-06
2.670354e+00 -7.864804e-07 -9.120812e-07
2.701770e+00 -5.667893e-07 -8.435258e-07
2.733186e+00 -2.957079e-07 -7.715378e-07
2.764602e+00 -2.206430e-07 -6.611718e-07
2.796017e+00 -1.842674e-07 -4.971367e-07
2.827433e+00 -2.122101e-07 -2.890053e-07
2.858849e+00 -2.272350e-07 -6.431512e-08
2.890265e+00 -1.717953e-07 1.471657e-07
2.921681e+00 -2.881418e-08 3.269861e-07
2.953097e+00 1.757597e-07 4.715324e-07
2.984513e+00 3.854310e-07 5.870434e-07
3.015929e+00 6.168053e-07 6.822817e-07
3.047345e+00 8.241262e-07 7.632774e-07
3.078761e+00 1.099625e-06 8.313787e-07
3.110177e+00 1.014071e-06 8.841211e-07
3.141593e+00 9.700488e-07 9.178325e-07
3.173009e+00 1.006772e-06 9.306099e-07
3.204425e+00 9.459999e-07 9.242959e-07
3.235840e+00 8.706010e-07 9.046666e-07
3.267256e+00 7.390166e-07 8.800065e-07
3.298672e+00 9.342156e-07 8.589488e-07
3.330088e+00 1.080880e-06 8.485141e-07
3.361504e+00 1.025674e-06 8.528820e-07
3.392920e+00 9.881086e-07 8.730255e-07
3.424336e+00 9.977704e-07 9.071409e-07
3.455752e+00 1.010991e-06 9.517361e-07
3.487168e+00 1.019243e-06 1.003123e-06
3.518584e+00 1.023271e-06 1.058872e-06
3.550000e+00 1.031423e-06 1.118682e-06
3.581416e+00 1.023047e-06 1.184299e-06
3.612832e+00 1.052389e-06 1.258513e-06
3.644247e+00 1.195793e-06 1.343631e-06
3.675663e+00 1.371680e-06 1.439966e-06
3.707079e+00 1.481534e-06 1.544794e-06
3.738495e+00 1.562618e-06 1.652056e-06
3.769911e+00 1.645156e-06 1.752934e-06
3.801327e+00 1.714003e-06 1.837374e-06
3.832743e+00 1.764618e-06 1.896309e-06
3.864159e+00 1.795480e-06 1.924052e-06
3.895575e+00 1.764790e-06 1.920016e-06
3.926991e+00 1.736699e-06 1.889047e-06
3.958407e+00 1.703833e-06 1.840188e-06
3.989823e+00 1.671168e-06 1.784337e-06
4.021239e+00 1.629201e-06 1.731586e-06
4.052655e+00 1.548096e-06 1.688998e-06
4.084070e+00 1.593790e-06 1.659307e-06
4.115486e+00 1.646904e-06 1.640742e-06
4.146902e+00 1.612546e-06 1.627958e-06
4.178318e+00 1.580491e-06 1.613865e-06
4.209734e+00 1.538194e-06 1.591874e-06
4.241150e+00 1.482895e-06 1.557933e-06
4.272566e+00 1.415155e-06 1.511728e-06
4.303982e+00 1.318642e-06 1.456727e-06
4.335398e+00 1.167879e-06 1.399144e-06
4.366814e+00 8.505230e-07 1.346246e-06
4.398230e+00 1.452564e-06 1.304502e-06
4.429646e+00 1.499325e-06 1.278021e-06
4.461062e+00 2.112789e-06 1.267564e-06
4.492477e+00 1.443409e-06 1.270370e-06
4.523893e+00 1.339715e-06 1.280861e-06
4.555309e+00 1.317287e-06 1.292155e-06
4.586725e+00 1.323618e-06 1.297988e-06
4.618141e+00 1.332431e-06 1.294475e-06
4.649557e+00 1.336240e-06 1.281146e-06
4.680973e+00 1.323827e-06 1.260958e-06
4.712389e+00 1.304508e-06 1.239376e-06
4.743805e+00 1.268493e-06 1.222882e-06
4.775221e+00 1.248464e-06 1.217321e-06
4.806637e+00 1.240224e-06 1.226441e-06
4.838053e+00 1.263007e-06 1.250914e-06
4.869469e+00 1.315278e-06 1.288057e-06
4.900885e+00 1.383810e-06 1.332433e-06
4.932300e+00 1.453708e-06 1.377285e-06
4.963716e+00 1.512776e-06 1.416477e-06
4.995132e+00 1.555812e-06 1.446290e-06
5.026548e+00 1.583459e-06 1.466476e-06
5.057964e+00 1.598598e-06 1.480192e-06
5.089380e+00 1.604185e-06 1.492914e-06
5.120796e+00 1.604789e-06 1.510746e-06
5.152212e+00 1.610392e-06 1.538590e-06
5.183628e+00 1.634487e-06 1.578593e-06
5.215044e+00 1.683908e-06 1.629187e-06
5.246460e+00 1.750085e-06 1.685041e-06
5.277876e+00 1.951862e-06 1.738118e-06
5.309292e+00 2.279436e-06 1.779792e-06
5.340708e+00 1.710891e-06 1.803424e-06
5.372123e+00 1.735444e-06 1.806411e-06
5.403539e+00 1.764531e-06 1.790785e-06
5.434955e+00 1.735724e-06 1.762091e-06
5.466371e+00 1.655947e-06 1.727072e-06
5.497787e+00 1.537246e-06 1.691073e-06
5.529203e+00 1.397456e-06 1.655984e-06
5.560619e+00 1.264544e-06 1.619230e-06
5.592035e+00 1.165511e-06 1.574147e-06
5.623451e+00 1.117607e-06 1.512000e-06
5.654867e+00 1.116964e-06 1.425431e-06
5.686283e+00 1.142640e-06 1.312229e-06
5.717699e+00 1.169972e-06 1.177463e-06
5.749115e+00 1.171393e-06 1.032458e-06
5.780530e+00 1.104997e-06 8.910499e-07
5.811946e+00 1.005418e-06 7.653452e-07
5.843362e+00 8.610323e-07 6.631676e-07
5.874778e+00 7.001318e-07 5.876703e-07
5.906194e+00 5.497049e-07 5.380832e-07
5.937610e+00 6.114237e-07 5.102998e-07
5.969026e+00 8.052056e-08 4.967341e-07
6.000442e+00 3.913811e-07 4.859064e-07
6.031858e+00 5.210944e-07 4.629691e-07
6.063274e+00 6.537163e-07 4.122633e-07
6.094690e+00 6.946684e-07 3.216220e-07
6.126106e+00 5.807611e-07 1.861851e-07
6.157522e+00 6.538877e-07 8.885375e-09
6.188938e+00 1.106610e-07 -2.032196e-07
6.220353e+00 -8.315486e-08 -4.444509e-07
6.251769e+00 -5.082950e-07 -7.141996e-07
